v_time c_3[1] c_3[2] c_3[3] c_3[4] c_3[5] c_3[6] 
           0       0.1078       0.2899       0.5709       0.0314            0            0 
      0.0001   0.10877094   0.28837944   0.57131861  0.031531012            0            0 
      0.0002   0.10951441   0.28706447    0.5717976  0.031623521            0            0 
      0.0003   0.11021446   0.28613317   0.57198083  0.031671545            0            0 
      0.0004   0.11095884   0.28492715   0.57245196  0.031662055            0            0 
      0.0005   0.11167043   0.28368616   0.57293886  0.031704555            0            0 
      0.0006   0.11235597   0.28272329   0.57279473  0.032126017            0            0 
      0.0007   0.11377176   0.28038764   0.57366981  0.032170791            0            0 
      0.0008   0.11445647    0.2792742   0.57394613  0.032323196            0            0 
      0.0009   0.11493276   0.27829307   0.57432182  0.032452353            0            0 
       0.001   0.11571286   0.27717969   0.57446728  0.032640169            0            0 
      0.0011   0.11625366   0.27623476   0.57472003  0.032791544            0            0 
      0.0012   0.11707503   0.27497504   0.57501902  0.032930906            0            0 
      0.0013   0.11827787   0.27348982   0.57512661  0.033105698            0            0 
      0.0014   0.11891451   0.27174331   0.57585288  0.033489308            0            0 
      0.0015   0.11959846   0.27066114   0.57587949  0.033860901            0            0 
      0.0016   0.12022982   0.26970805   0.57624692  0.033815206            0            0 
      0.0017   0.12106751   0.26823287   0.57665168   0.03404793            0            0 
      0.0018   0.12192801    0.2671291    0.5770233  0.033919583            0            0 
      0.0019   0.12269038   0.26558686   0.57759531  0.034127453            0            0 
       0.002   0.12410823   0.26338698   0.57814597   0.03435882            0            0 
      0.0021   0.12471633   0.26236744   0.57837866  0.034537563            0            0 
      0.0022    0.1257767   0.26069915   0.57907838  0.034445774            0            0 
      0.0023   0.12657203   0.25933678   0.57929184   0.03479935            0            0 
      0.0024   0.12801793   0.25715949   0.57996828  0.034854287            0            0 
      0.0025   0.12855503   0.25653317   0.57999164  0.034920156            0            0 
      0.0026   0.12940349   0.25484519   0.58055959  0.035191733            0            0 
      0.0027   0.13007366   0.25380742   0.58092619  0.035192733            0            0 
      0.0028   0.13115106   0.25229666   0.58133543  0.035216848            0            0 
      0.0029   0.13144894   0.25169175   0.58162746  0.035231842            0            0 
       0.003   0.13289637   0.24944108   0.58237531   0.03528724            0            0 
      0.0031   0.13327574   0.24845538   0.58296589  0.035302989            0            0 
      0.0032   0.13373237   0.24823613    0.5827273  0.035304205            0            0 
      0.0033   0.13415295   0.24745754    0.5829425  0.035447014            0            0 
      0.0034   0.13489799   0.24628306   0.58327464  0.035544309            0            0 
      0.0035   0.13525339    0.2457289   0.58344999  0.035567724            0            0 
      0.0036   0.13593908    0.2446086    0.5838699  0.035582424            0            0 
      0.0037   0.13652579   0.24376096   0.58411196  0.035601302            0            0 
      0.0038   0.13712613   0.24285997   0.58435419  0.035659703            0            0 
      0.0039   0.13737579   0.24231162   0.58442608  0.035886512            0            0 
       0.004   0.13813548   0.24125774   0.58475286  0.035853923            0            0 
      0.0041   0.13861042   0.24038106    0.5851814  0.035827119            0            0 
      0.0042   0.13938252   0.23923204   0.58549401  0.035891435            0            0 
      0.0043   0.14039432   0.23748183   0.58595283  0.036171024            0            0 
      0.0044   0.14064973   0.23714407   0.58593486  0.036271335            0            0 
      0.0045   0.14190656   0.23514331   0.58662569  0.036324442            0            0 
      0.0046   0.14235699   0.23445535   0.58690421  0.036283443            0            0 
      0.0047   0.14324267   0.23305349   0.58730727  0.036396573            0            0 
      0.0048   0.14343898   0.23269221   0.58733513  0.036533681            0            0 
      0.0049   0.14441955   0.23105424   0.58782043  0.036705774            0            0 
       0.005    0.1449971   0.22991692   0.58808645  0.036999528            0            0 
      0.0051   0.14542076   0.22944412   0.58819525  0.036939871            0            0 
      0.0052   0.14612399   0.22838394   0.58853629  0.036955781            0            0 
      0.0053   0.14697065   0.22728105   0.58873068   0.03701762            0            0 
      0.0054    0.1476807   0.22586236   0.58931036   0.03714658            0            0 
      0.0055   0.14861784    0.2245114   0.58973753  0.037133232            0            0 
      0.0056   0.14925864   0.22327132   0.59024356  0.037226483            0            0 
      0.0057   0.15023652    0.2217999   0.59062778  0.037335797            0            0 
      0.0058   0.15081069   0.22092027   0.59073799  0.037531056            0            0 
      0.0059   0.15108714   0.22060449   0.59081483  0.037493541            0            0 
       0.006   0.15143985   0.21976629   0.59108653  0.037707332            0            0 
      0.0061   0.15181328   0.21910933   0.59101543  0.038061956            0            0 
      0.0062   0.15247518   0.21795835    0.5914019  0.038164572            0            0 
      0.0063   0.15306625   0.21702728   0.59173231   0.03817416            0            0 
      0.0064   0.15332456   0.21668462   0.59181365  0.038177167            0            0 
      0.0065   0.15377247   0.21599558   0.59206679  0.038165154            0            0 
      0.0066   0.15390185   0.21567734   0.59215339  0.038267426            0            0 
      0.0067   0.15484231   0.21429521   0.59253271  0.038329759            0            0 
      0.0068   0.15533566   0.21349591     0.592693   0.03847542            0            0 
      0.0069   0.15560723   0.21298467   0.59297472  0.038433377            0            0 
       0.007   0.15608478   0.21240635   0.59301627  0.038492596            0            0 
      0.0071   0.15662292   0.21153065   0.59334917  0.038497259            0            0 
      0.0072    0.1575246   0.20996234   0.59366388   0.03884918            0            0 
      0.0073   0.15776554   0.20948616   0.59379919  0.038949102            0            0 
      0.0074   0.15804097   0.20906025   0.59390411  0.038994672            0            0 
      0.0075    0.1589026    0.2077936   0.59423301  0.039070792            0            0 
      0.0076   0.15911864   0.20734677   0.59441506  0.039119526            0            0 
      0.0077   0.15991065   0.20622087    0.5947173  0.039151178            0            0 
      0.0078   0.16050963    0.2053048   0.59485762  0.039327947            0            0 
      0.0079   0.16064189   0.20492892   0.59503036  0.039398831            0            0 
       0.008   0.16109104   0.20424359   0.59524757  0.039417805            0            0 
      0.0081   0.16143179   0.20358495   0.59541557  0.039567699            0            0 
      0.0082   0.16180396   0.20298412   0.59562557  0.039586354            0            0 
      0.0083   0.16206916   0.20270452   0.59567253  0.039553785            0            0 
      0.0084   0.16244015    0.2020179   0.59591584  0.039626109            0            0 
      0.0085   0.16325487   0.20071725    0.5963077  0.039720188            0            0 
      0.0086   0.16364737   0.20006856   0.59640738  0.039876701            0            0 
      0.0087   0.16386057   0.19968221   0.59645222  0.040004991            0            0 
      0.0088   0.16425846   0.19897347   0.59663879  0.040129281            0            0 
      0.0089   0.16477562   0.19824356   0.59677473  0.040206098            0            0 
       0.009   0.16511162   0.19752917   0.59714149  0.040217726            0            0 
      0.0091   0.16548989   0.19713633   0.59718023  0.040193542            0            0 
      0.0092   0.16606738    0.1961968   0.59754245  0.040193369            0            0 
      0.0093    0.1667567   0.19524384   0.59760868  0.040390785            0            0 
      0.0094   0.16679989    0.1950272   0.59758067  0.040592241            0            0 
      0.0095   0.16698678   0.19445877   0.59783665  0.040717795            0            0 
      0.0096   0.16747574   0.19366789   0.59802525  0.040831115            0            0 
      0.0097   0.16797474   0.19289296   0.59826854  0.040863766            0            0 
      0.0098    0.1682944   0.19243962   0.59828472  0.040981261            0            0 
      0.0099   0.16853006   0.19191193   0.59837602  0.041181993            0            0 
        0.01   0.16861585   0.19189378   0.59826024  0.041230123            0            0 
      0.0101   0.16889803   0.19134285   0.59853109  0.041228022            0            0 
      0.0102   0.16935375    0.1906916    0.5986469  0.041307761            0            0 
      0.0103   0.16951573   0.19040988   0.59886845  0.041205937            0            0 
      0.0104   0.16972437   0.18981148    0.5992356  0.041228544            0            0 
      0.0105   0.17037737    0.1889357   0.59930663  0.041380298            0            0 
      0.0106   0.17079775   0.18832767   0.59948315  0.041391432            0            0 
      0.0107   0.17100779   0.18790643   0.59963198  0.041453795            0            0 
      0.0108   0.17128794    0.1874728   0.59976052  0.041478727            0            0 
      0.0109   0.17165017   0.18690495   0.59987126  0.041573615            0            0 
       0.011   0.17165911   0.18678771   0.59997861  0.041574562            0            0 
      0.0111    0.1719073   0.18650091   0.59982908  0.041762706            0            0 
      0.0112     0.172225    0.1860224   0.59995391  0.041798692            0            0 
      0.0113   0.17236153   0.18579219   0.60008067   0.04176561            0            0 
      0.0114   0.17252315    0.1856646   0.60004691  0.041765343            0            0 
      0.0115   0.17300182   0.18481573   0.60043672  0.041745735            0            0 
      0.0116   0.17370069   0.18363935   0.60079084  0.041869122            0            0 
      0.0117   0.17381235   0.18333941   0.60102501  0.041823225            0            0 
      0.0118   0.17408687   0.18297273   0.60097986  0.041960548            0            0 
      0.0119   0.17463605   0.18197581   0.60142718  0.041960962            0            0 
       0.012   0.17510466   0.18138958   0.60155545  0.041950314            0            0 
      0.0121   0.17553385   0.18078791   0.60167533   0.04200292            0            0 
      0.0122   0.17555886   0.18062632   0.60184454  0.041970281            0            0 
      0.0123   0.17612793   0.17983004   0.60201534  0.042026694            0            0 
      0.0124   0.17639548    0.1793783   0.60210965  0.042116564            0            0 
      0.0125   0.17684817   0.17859946    0.6022074  0.042344968            0            0 
      0.0126    0.1770647   0.17835344   0.60230088  0.042280981            0            0 
      0.0127   0.17717612    0.1780839   0.60235357   0.04238641            0            0 
      0.0128   0.17748902   0.17760666   0.60239783  0.042506494            0            0 
      0.0129   0.17750327   0.17750647   0.60239556  0.042594699            0            0 
       0.013   0.17783249   0.17694532   0.60249701   0.04272518            0            0 
      0.0131   0.17826368   0.17618865   0.60277043  0.042777235            0            0 
      0.0132   0.17838381   0.17603023   0.60280826  0.042777696            0            0 
      0.0133   0.17841318   0.17587848   0.60284373  0.042864613            0            0 
      0.0134   0.17894543   0.17521769   0.60305976  0.042777121            0            0 
      0.0135   0.17914719   0.17448414    0.6034867  0.042881966            0            0 
      0.0136   0.17916298   0.17460662   0.60330709   0.04292331            0            0 
      0.0137   0.17934732   0.17422897   0.60336326  0.043060447            0            0 
      0.0138   0.18005858   0.17313077   0.60362824   0.04318242            0            0 
      0.0139   0.18060569    0.1725201   0.60373057  0.043143638            0            0 
       0.014   0.18119044   0.17170289   0.60393914  0.043167537            0            0 
      0.0141   0.18119863   0.17138469   0.60417792  0.043238753            0            0 
      0.0142   0.18148067   0.17104211   0.60428958  0.043187634            0            0 
      0.0143   0.18155828   0.17082673    0.6044049  0.043210084            0            0 
      0.0144   0.18199727      0.17007   0.60459881  0.043333918            0            0 
      0.0145   0.18204151   0.17005587    0.6045452  0.043357422            0            0 
      0.0146   0.18232457   0.16980135   0.60453263  0.043341448            0            0 
      0.0147   0.18253157     0.169277   0.60472468  0.043466747            0            0 
      0.0148   0.18279525   0.16881383   0.60479457  0.043596346            0            0 
      0.0149   0.18291402   0.16857062   0.60489593  0.043619428            0            0 
       0.015   0.18310466   0.16852748   0.60482869  0.043539172            0            0 
      0.0151   0.18315255   0.16813702   0.60482698  0.043883455            0            0 
      0.0152   0.18332937   0.16774518   0.60491884  0.044006608            0            0 
      0.0153   0.18354795   0.16734134   0.60511681  0.043993902            0            0 
      0.0154   0.18361086   0.16733004    0.6049206  0.044138506            0            0 
      0.0155   0.18385849   0.16659571   0.60523922  0.044306583            0            0 
      0.0156   0.18411553   0.16659352   0.60513353  0.044157418            0            0 
      0.0157   0.18462718   0.16533972    0.6055336  0.044499501            0            0 
      0.0158   0.18496148   0.16505428   0.60540213  0.044582107            0            0 
      0.0159   0.18584778   0.16360387   0.60597793  0.044570422            0            0 
       0.016    0.1857874   0.16356517   0.60610937  0.044538058            0            0 
      0.0161   0.18604904   0.16307459   0.60626836  0.044608007            0            0 
      0.0162   0.18639876   0.16264889   0.60621034  0.044742018            0            0 
      0.0163   0.18684839   0.16197154   0.60641742  0.044762648            0            0 
      0.0164   0.18718152   0.16146523   0.60659756  0.044755694            0            0 
      0.0165   0.18747409   0.16109929   0.60669307  0.044733546            0            0 
      0.0166   0.18757412   0.16073811   0.60678457  0.044903201            0            0 
      0.0167   0.18797057   0.16023586   0.60685239  0.044941182            0            0 
      0.0168   0.18831232   0.15962192   0.60709897   0.04496679            0            0 
      0.0169   0.18848796   0.15940475   0.60718064  0.044926648            0            0 
       0.017   0.18859914   0.15900226   0.60729953  0.045099065            0            0 
      0.0171   0.18864956   0.15897825   0.60721646  0.045155736            0            0 
      0.0172   0.18882936   0.15870492   0.60718682  0.045278894            0            0 
      0.0173   0.18904225     0.158179   0.60753931  0.045239441            0            0 
      0.0174   0.18932622   0.15792157   0.60748582  0.045266389            0            0 
      0.0175   0.18963496   0.15740167   0.60756356  0.045399805            0            0 
      0.0176   0.19036667   0.15617829   0.60766755  0.045787499            0            0 
      0.0177   0.19031435   0.15620678   0.60770218  0.045776684            0            0 
      0.0178   0.19065462   0.15575356   0.60779715  0.045794663            0            0 
      0.0179   0.19106643   0.15488039   0.60815222  0.045900966            0            0 
       0.018   0.19145216    0.1545849   0.60812458   0.04583836            0            0 
      0.0181   0.19141222    0.1543804    0.6081422  0.046065177            0            0 
      0.0182    0.1916898   0.15377034   0.60822092  0.046318946            0            0 
      0.0183    0.1917611   0.15370802   0.60808259  0.046448291            0            0 
      0.0184   0.19208249   0.15319648   0.60835271  0.046368323            0            0 
      0.0185   0.19231018   0.15268853   0.60854408  0.046457208            0            0 
      0.0186   0.19260179   0.15228766   0.60867968  0.046430871            0            0 
      0.0187   0.19271545   0.15222641   0.60863701  0.046421137            0            0 
      0.0188   0.19269651   0.15217998   0.60857828  0.046545232            0            0 
      0.0189   0.19281113   0.15184763    0.6086827  0.046658538            0            0 
       0.019   0.19287598   0.15165796   0.60879124  0.046674814            0            0 
      0.0191   0.19326961   0.15131862   0.60850592  0.046905847            0            0 
      0.0192   0.19340945   0.15062648   0.60901018  0.046953889            0            0 
      0.0193   0.19357595   0.15054213   0.60894335  0.046938571            0            0 
      0.0194   0.19408368   0.14981567   0.60921218  0.046888474            0            0 
      0.0195   0.19453771   0.14950417   0.60893018  0.047027938            0            0 
      0.0196   0.19423442   0.14953235   0.60926493    0.0469683            0            0 
      0.0197   0.19441226   0.14939506   0.60926211   0.04693057            0            0 
      0.0198   0.19455382    0.1491057   0.60937079  0.046969689            0            0 
      0.0199   0.19469762   0.14892856   0.60937836  0.046995456            0            0 
        0.02   0.19476236   0.14877174   0.60939274  0.047073165            0            0 
      0.0201   0.19475781   0.14859857   0.60954035  0.047103266            0            0 
      0.0202   0.19489875   0.14845234   0.60950898  0.047139919            0            0 
      0.0203   0.19517558   0.14791047   0.60947161  0.047442339            0            0 
      0.0204   0.19523742   0.14784234   0.60931564  0.047604593            0            0 
      0.0205   0.19588035   0.14668596   0.60974787  0.047685815            0            0 
      0.0206   0.19582478   0.14651359   0.60984792  0.047813719            0            0 
      0.0207   0.19606426   0.14622714   0.60991859  0.047790011            0            0 
      0.0208   0.19624554    0.1458181   0.60999955  0.047936812            0            0 
      0.0209   0.19669332   0.14516506   0.61004562  0.048096004            0            0 
       0.021   0.19690545   0.14488404   0.61012539  0.048085121            0            0 
      0.0211   0.19716382   0.14448677   0.61022551  0.048123902            0            0 
      0.0212   0.19757771   0.14377745   0.61045517  0.048189673            0            0 
      0.0213    0.1975929   0.14376781   0.61052398  0.048115313            0            0 
      0.0214    0.1976094   0.14364442   0.61056277  0.048183416            0            0 
      0.0215   0.19775693   0.14336023   0.61075552  0.048127322            0            0 
      0.0216   0.19777547   0.14326216   0.61084774  0.048114634            0            0 
      0.0217   0.19823142   0.14278572   0.61081077  0.048172083            0            0 
      0.0218   0.19857512   0.14237567   0.61085575  0.048193471            0            0 
      0.0219   0.19877326   0.14221461    0.6108989  0.048113219            0            0 
       0.022   0.19877829   0.14197081   0.61109027  0.048160633            0            0 
      0.0221   0.19943205   0.14094744   0.61144036   0.04818015            0            0 
      0.0222    0.1996779   0.14077571   0.61142324  0.048123154            0            0 
      0.0223   0.19976265   0.14029676   0.61179574  0.048144856            0            0 
      0.0224   0.19979461   0.14032001   0.61169804  0.048187341            0            0 
      0.0225   0.20023924   0.13972149   0.61180684  0.048232424            0            0 
      0.0226    0.2007585   0.13914006   0.61198134  0.048120093            0            0 
      0.0227   0.20059582   0.13894024   0.61218666  0.048277284            0            0 
      0.0228   0.20134905   0.13800908   0.61243106  0.048210812            0            0 
      0.0229    0.2015546   0.13735489   0.61256782  0.048522689            0            0 
       0.023   0.20198364   0.13691895   0.61255679  0.048540616            0            0 
      0.0231   0.20202464   0.13682116   0.61265438   0.04849981            0            0 
      0.0232   0.20221808   0.13642989   0.61280463  0.048547405            0            0 
      0.0233   0.20214724   0.13648163   0.61297422  0.048396907            0            0 
      0.0234   0.20246242   0.13604104   0.61295852  0.048538017            0            0 
      0.0235   0.20292772    0.1352968   0.61313137  0.048644112            0            0 
      0.0236   0.20326835   0.13499623   0.61314855  0.048586865            0            0 
      0.0237   0.20313997   0.13502394   0.61322025  0.048615841            0            0 
      0.0238   0.20341286   0.13473254   0.61325438  0.048600232            0            0 
      0.0239   0.20346946   0.13458058   0.61338033  0.048569628            0            0 
       0.024   0.20402242   0.13417367   0.61322175  0.048582161            0            0 
      0.0241   0.20414811   0.13349879    0.6137208  0.048632291            0            0 
      0.0242   0.20458177   0.13306539   0.61376791  0.048584936            0            0 
      0.0243   0.20463664   0.13261964   0.61407784   0.04866588            0            0 
      0.0244   0.20485445   0.13233911   0.61413254    0.0486739            0            0 
      0.0245   0.20499907   0.13215846   0.61417958  0.048662883            0            0 
      0.0246   0.20485795    0.1322997   0.61417512  0.048667229            0            0 
      0.0247   0.20501132   0.13218633   0.61415223  0.048650111            0            0 
      0.0248   0.20500292   0.13222084   0.61413807  0.048638174            0            0 
      0.0249   0.20526454    0.1317738   0.61429908  0.048662582            0            0 
       0.025   0.20544738   0.13161652   0.61431021  0.048625892            0            0 
      0.0251   0.20530025    0.1315693   0.61447934  0.048651118            0            0 
      0.0252   0.20561559   0.13123264   0.61451978  0.048631992            0            0 
      0.0253    0.2055111   0.13135222   0.61445708  0.048679596            0            0 
      0.0254   0.20552395   0.13114088   0.61446713  0.048868041            0            0 
      0.0255   0.20568716   0.13100235   0.61436808   0.04894241            0            0 
      0.0256   0.20588717   0.13090061   0.61440169  0.048810531            0            0 
      0.0257   0.20584676   0.13065314   0.61447257  0.049027528            0            0 
      0.0258   0.20610696    0.1305094   0.61436246  0.049021188            0            0 
      0.0259   0.20645808   0.12982575    0.6146646   0.04905157            0            0 
       0.026   0.20658271    0.1295093   0.61477097  0.049137023            0            0 
      0.0261   0.20673273    0.1292416   0.61475229  0.049273385            0            0 
      0.0262   0.20673597   0.12895774   0.61473872  0.049567561            0            0 
      0.0263   0.20660051   0.12889073    0.6148416  0.049667159            0            0 
      0.0264   0.20674339   0.12874936   0.61464054  0.049866708            0            0 
      0.0265    0.2070923   0.12814497   0.61487756  0.049885165            0            0 
      0.0266   0.20733269   0.12776624   0.61489746  0.050003611            0            0 
      0.0267   0.20774462   0.12736842   0.61490643  0.049980531            0            0 
      0.0268   0.20808166   0.12661126   0.61524983  0.050057248            0            0 
      0.0269   0.20807137   0.12660892   0.61518635  0.050133368            0            0 
       0.027   0.20870487    0.1257424   0.61536571   0.05018702            0            0 
      0.0271   0.20878913   0.12545201   0.61561384  0.050145014            0            0 
      0.0272   0.20913743    0.1249884   0.61567078  0.050203388            0            0 
      0.0273   0.20925765   0.12500827   0.61551823  0.050215859            0            0 
      0.0274   0.20907943   0.12500258   0.61571894   0.05019905            0            0 
      0.0275   0.20936543   0.12477838   0.61562045  0.050235737            0            0 
      0.0276   0.20918363   0.12486075   0.61578028  0.050175331            0            0 
      0.0277   0.20940321   0.12455919    0.6160172  0.050020401            0            0 
      0.0278   0.20955909    0.1244604   0.61579677  0.050183734            0            0 
      0.0279   0.21009007    0.1234803   0.61609844   0.05033118            0            0 
       0.028   0.21029533   0.12335648    0.6160371  0.050311089            0            0 
      0.0281   0.21022847    0.1232046    0.6161787  0.050388226            0            0 
      0.0282   0.21011114   0.12329536   0.61623733  0.050356169            0            0 
      0.0283   0.21027784   0.12330656   0.61603819  0.050377415            0            0 
      0.0284    0.2103002   0.12308375   0.61627866  0.050337392            0            0 
      0.0285    0.2106784   0.12262372   0.61635941  0.050338468            0            0 
      0.0286   0.21088809   0.12229012   0.61643119  0.050390601            0            0 
      0.0287   0.21091126   0.12222475   0.61649054  0.050373446            0            0 
      0.0288   0.21099789   0.12228209    0.6162982   0.05042183            0            0 
      0.0289   0.21104579   0.12201088   0.61655316  0.050390179            0            0 
       0.029   0.21116609   0.12182047    0.6166215  0.050391939            0            0 
      0.0291   0.21136773   0.12148877    0.6167315  0.050412001            0            0 
      0.0292   0.21136672   0.12154993   0.61668086  0.050402495            0            0 
      0.0293    0.2113652   0.12159346    0.6166572  0.050384141            0            0 
      0.0294   0.21150381   0.12109413   0.61686653  0.050535529            0            0 
      0.0295   0.21155493   0.12122541   0.61685286  0.050366794            0            0 
      0.0296   0.21160174   0.12120491    0.6167742  0.050419154            0            0 
      0.0297   0.21180108    0.1208515      0.61691  0.050437424            0            0 
      0.0298   0.21181282   0.12079259   0.61699912  0.050395463            0            0 
      0.0299   0.21204512   0.12052846   0.61698991  0.050436517            0            0 
        0.03   0.21198051   0.12049231   0.61694332  0.050583869            0            0 
      0.0301   0.21234767   0.12003404     0.617057  0.050561296            0            0 
      0.0302   0.21219711    0.1200229   0.61726631  0.050513681            0            0 
      0.0303   0.21228495   0.12006245   0.61709944  0.050553158            0            0 
      0.0304   0.21245863   0.11964348   0.61727377  0.050624126            0            0 
      0.0305   0.21279484   0.11949326   0.61721782  0.050494083            0            0 
      0.0306   0.21280484   0.11921099   0.61742499  0.050559183            0            0 
      0.0307   0.21311087   0.11868067   0.61749559  0.050712872            0            0 
      0.0308   0.21325599   0.11849766   0.61754606  0.050700288            0            0 
      0.0309   0.21329527   0.11850736   0.61751599  0.050681388            0            0 
       0.031   0.21332724   0.11839526   0.61743404  0.050843456            0            0 
      0.0311   0.21323792   0.11838389   0.61750473  0.050873453            0            0 
      0.0312   0.21360051   0.11792148   0.61767203  0.050805984            0            0 
      0.0313   0.21356257   0.11791362   0.61766645  0.050857366            0            0 
      0.0314   0.21383919   0.11754058    0.6177737  0.050846532            0            0 
      0.0315   0.21406154   0.11706703   0.61797547  0.050895967            0            0 
      0.0316   0.21412817   0.11704458   0.61785075  0.050976503            0            0 
      0.0317   0.21402866   0.11701246    0.6179864   0.05097248            0            0 
      0.0318   0.21417895   0.11700577   0.61776158  0.051053695            0            0 
      0.0319   0.21430355   0.11651219    0.6180984  0.051085868            0            0 
       0.032   0.21473099   0.11591363   0.61823659  0.051118785            0            0 
      0.0321   0.21478791   0.11590338   0.61818908  0.051119621            0            0 
      0.0322   0.21502161   0.11544421   0.61830605  0.051228135            0            0 
      0.0323   0.21512307   0.11533166   0.61825223  0.051293037            0            0 
      0.0324   0.21511541   0.11530113   0.61818754  0.051395915            0            0 
      0.0325   0.21511868   0.11528434   0.61825451  0.051342471            0            0 
      0.0326   0.21539429   0.11474252   0.61835654   0.05150665            0            0 
      0.0327   0.21539144   0.11474806   0.61834755  0.051512956            0            0 
      0.0328   0.21557731   0.11463841   0.61818967  0.051594615            0            0 
      0.0329   0.21560485   0.11444335     0.618292  0.051659807            0            0 
       0.033   0.21558338   0.11435567   0.61835105  0.051709901            0            0 
      0.0331   0.21567194   0.11416688   0.61838052  0.051780661            0            0 
      0.0332   0.21575593   0.11406315   0.61828431  0.051896609            0            0 
      0.0333   0.21581532   0.11409753   0.61821459  0.051872563            0            0 
      0.0334   0.21584927   0.11393886   0.61825174  0.051960125            0            0 
      0.0335   0.21591798   0.11381116   0.61825971  0.052011157            0            0 
      0.0336   0.21605455   0.11353001   0.61842749   0.05198795            0            0 
      0.0337   0.21619733   0.11333042   0.61827447  0.052197779            0            0 
      0.0338   0.21614595   0.11332186   0.61844041  0.052091788            0            0 
      0.0339   0.21622004   0.11332177   0.61813938  0.052318813            0            0 
       0.034   0.21593966   0.11318717   0.61857773   0.05229544            0            0 
      0.0341   0.21614503   0.11328249    0.6182288  0.052343674            0            0 
      0.0342     0.216316   0.11289731   0.61841157  0.052375127            0            0 
      0.0343   0.21653432   0.11262292   0.61849359  0.052349167            0            0 
      0.0344   0.21662162   0.11253574   0.61844202  0.052400626            0            0 
      0.0345   0.21656863   0.11250529   0.61861154   0.05231453            0            0 
      0.0346   0.21669931   0.11233364   0.61860462  0.052362427            0            0 
      0.0347   0.21690189   0.11202272   0.61863814  0.052437246            0            0 
      0.0348   0.21686339   0.11194187   0.61861246  0.052582275            0            0 
      0.0349   0.21687842   0.11200493   0.61850732  0.052609318            0            0 
       0.035   0.21723998   0.11163806   0.61857947  0.052542484            0            0 
      0.0351   0.21726423   0.11133017   0.61880156  0.052604042            0            0 
      0.0352    0.2176731   0.11075451   0.61897912   0.05259328            0            0 
      0.0353   0.21767856   0.11063237   0.61899773  0.052691329            0            0 
      0.0354   0.21774061   0.11055975   0.61897298  0.052726664            0            0 
      0.0355   0.21776828   0.11053604   0.61882501  0.052870663            0            0 
      0.0356   0.21772444   0.11057787   0.61882847   0.05286922            0            0 
      0.0357   0.21785509   0.11032373   0.61896398  0.052857198            0            0 
      0.0358   0.21810405   0.10988436   0.61911834  0.052893253            0            0 
      0.0359   0.21812886   0.10986649   0.61915683  0.052847818            0            0 
       0.036   0.21823768       0.1096   0.61912365  0.053038676            0            0 
      0.0361    0.2183624   0.10956296   0.61899347  0.053081181            0            0 
      0.0362   0.21841219   0.10918287    0.6190241  0.053380835            0            0 
      0.0363   0.21875835   0.10901351    0.6189859  0.053242244            0            0 
      0.0364   0.21850392    0.1089393   0.61929261  0.053264167            0            0 
      0.0365   0.21891163   0.10857273   0.61924477  0.053270871            0            0 
      0.0366   0.21889423   0.10869202   0.61916964  0.053244105            0            0 
      0.0367   0.21885827   0.10853195   0.61938415  0.053225636            0            0 
      0.0368   0.21912748   0.10819429   0.61937672  0.053301519            0            0 
      0.0369   0.21952935   0.10746652   0.61963864  0.053365494            0            0 
       0.037   0.21972006   0.10725348   0.61972112  0.053305334            0            0 
      0.0371   0.21969904   0.10723651   0.61974055  0.053323899            0            0 
      0.0372   0.21963935   0.10724846   0.61982815  0.053284034            0            0 
      0.0373      0.21971   0.10720996   0.61974768   0.05333236            0            0 
      0.0374   0.21964172   0.10728015   0.61979384  0.053284291            0            0 
      0.0375   0.21979354   0.10730508   0.61962218  0.053279197            0            0 
      0.0376   0.21973418   0.10717636   0.61977886  0.053310604            0            0 
      0.0377   0.21990035   0.10694421   0.61973771  0.053417735            0            0 
      0.0378   0.21998583   0.10653485   0.61975323  0.053726085            0            0 
      0.0379   0.22022998   0.10624527   0.61971055  0.053814195            0            0 
       0.038    0.2204503   0.10580342   0.61992796  0.053818323            0            0 
      0.0381   0.22050817   0.10584592   0.61987008  0.053775832            0            0 
      0.0382   0.22060316   0.10550399   0.61997235  0.053920501            0            0 
      0.0383   0.22033236   0.10528883   0.62032262  0.054056199            0            0 
      0.0384     0.220782   0.10501507   0.62010854  0.054094392            0            0 
      0.0385   0.22101515   0.10490746     0.620107  0.053970384            0            0 
      0.0386   0.22117843   0.10450381   0.62018274  0.054135025            0            0 
      0.0387   0.22121704   0.10446234   0.62017561  0.054145012            0            0 
      0.0388   0.22104512   0.10461838   0.62013516   0.05420134            0            0 
      0.0389   0.22137714   0.10424321   0.62018533  0.054194321            0            0 
       0.039   0.22120658   0.10442894   0.62016296  0.054201519            0            0 
      0.0391   0.22124139   0.10414469   0.62039799  0.054215926            0            0 
      0.0392   0.22151636   0.10399622   0.62025852  0.054228901            0            0 
      0.0393     0.221646   0.10373807   0.62048031   0.05413562            0            0 
      0.0394   0.22159115    0.1037477    0.6204926  0.054168553            0            0 
      0.0395   0.22164117   0.10382306   0.62031698  0.054218793            0            0 
      0.0396   0.22171603   0.10367308   0.62028311  0.054327777            0            0 
      0.0397   0.22161584   0.10371579   0.62026301  0.054405367            0            0 
      0.0398   0.22195627   0.10333749   0.62038329  0.054322953            0            0 
      0.0399   0.22198635   0.10330951   0.62038239  0.054321754            0            0 
        0.04   0.22184018   0.10341666   0.62048623  0.054256937            0            0 
      0.0401   0.22187747    0.1033311   0.62049641  0.054295029            0            0 
      0.0402   0.22212737   0.10288777   0.62064586  0.054338996            0            0 
      0.0403   0.22224873   0.10284383   0.62060705  0.054300388            0            0 
      0.0404   0.22239941   0.10273522   0.62048239  0.054382983            0            0 
      0.0405   0.22235339   0.10265965    0.6206319  0.054355056            0            0 
      0.0406    0.2223579   0.10263093   0.62065258  0.054358597            0            0 
      0.0407   0.22235247   0.10261657   0.62054008  0.054490883            0            0 
      0.0408   0.22255878   0.10220354   0.62078665  0.054451033            0            0 
      0.0409    0.2227104   0.10204812   0.62068162  0.054559859            0            0 
       0.041   0.22295755   0.10172917   0.62078362  0.054529661            0            0 
      0.0411   0.22289785   0.10139496   0.62099405  0.054713141            0            0 
      0.0412   0.22314176   0.10127252     0.620831  0.054754719            0            0 
      0.0413   0.22320383   0.10112826   0.62066392  0.055003983            0            0 
      0.0414   0.22327663   0.10081544   0.62077875  0.055129181            0            0 
      0.0415   0.22331153   0.10087192   0.62069883  0.055117719            0            0 
      0.0416   0.22346137   0.10050667   0.62091943  0.055112529            0            0 
      0.0417   0.22344236   0.10051945   0.62077855  0.055259645            0            0 
      0.0418   0.22348236   0.10045259   0.62083016  0.055234893            0            0 
      0.0419   0.22350129   0.10050181   0.62075925   0.05523764            0            0 
       0.042   0.22344784   0.10038871   0.62096928  0.055194173            0            0 
      0.0421   0.22373493   0.10004935   0.62099074  0.055224991            0            0 
      0.0422   0.22400775  0.099360053   0.62090503  0.055727162            0            0 
      0.0423   0.22388181  0.099284116   0.62106949  0.055764591            0            0 
      0.0424    0.2240454  0.099393445   0.62081828  0.055742873            0            0 
      0.0425   0.22400153  0.099354652   0.62077254  0.055871274            0            0 
      0.0426   0.22417776  0.099108831   0.62086054  0.055852867            0            0 
      0.0427    0.2244006   0.09896785   0.62077157  0.055859975            0            0 
      0.0428   0.22454543  0.098471704   0.62086482  0.056118043            0            0 
      0.0429   0.22457842   0.09828214   0.62102626   0.05611318            0            0 
       0.043   0.22480002  0.098142125   0.62082195  0.056235909            0            0 
      0.0431   0.22482205  0.098076705   0.62104486  0.056056377            0            0 
      0.0432   0.22484818  0.098055132   0.62092032  0.056176376            0            0 
      0.0433    0.2247373  0.097945483   0.62112582  0.056191392            0            0 
      0.0434   0.22461326  0.098051641   0.62104616   0.05628894            0            0 
      0.0435   0.22481388  0.098058983   0.62098696  0.056140176            0            0 
      0.0436   0.22480362  0.097582218   0.62132969  0.056284468            0            0 
      0.0437   0.22502522  0.097549314   0.62115098  0.056274491            0            0 
      0.0438   0.22508109  0.097058656   0.62166253  0.056197716            0            0 
      0.0439   0.22523056  0.097186081   0.62123196  0.056351399            0            0 
       0.044   0.22535025  0.097058802   0.62112587  0.056465082            0            0 
      0.0441   0.22548161  0.096765027   0.62123331  0.056520059            0            0 
      0.0442   0.22557361  0.096567688   0.62122661  0.056632098            0            0 
      0.0443   0.22551202   0.09659472   0.62125696  0.056636306            0            0 
      0.0444   0.22581656  0.096071888   0.62143134  0.056680212            0            0 
      0.0445   0.22586317  0.096131454    0.6215109   0.05649448            0            0 
      0.0446   0.22583335  0.096147149    0.6214242  0.056595302            0            0 
      0.0447   0.22618827  0.095609369   0.62155634  0.056646019            0            0 
      0.0448   0.22606821  0.095596909   0.62158461  0.056750271            0            0 
      0.0449   0.22638456  0.095013612     0.621754  0.056847832            0            0 
       0.045   0.22631176  0.095119307   0.62180478  0.056764154            0            0 
      0.0451   0.22668672  0.094650531   0.62182356  0.056839193            0            0 
      0.0452   0.22689333  0.094524784   0.62174894  0.056832947            0            0 
      0.0453   0.22682432  0.094560955   0.62183868  0.056776037            0            0 
      0.0454   0.22697013   0.09437323   0.62170954  0.056947103            0            0 
      0.0455   0.22691326  0.094435201   0.62173252  0.056919016            0            0 
      0.0456   0.22698468  0.094438848   0.62159321  0.056983261            0            0 
      0.0457   0.22685583  0.094295685   0.62194033  0.056908154            0            0 
      0.0458   0.22689561  0.094389794   0.62178593  0.056928669            0            0 
      0.0459   0.22680696  0.094414116   0.62183869  0.056940227            0            0 
       0.046   0.22672447  0.094357441    0.6220364  0.056881692            0            0 
      0.0461   0.22700913  0.094197216   0.62189842  0.056895235            0            0 
      0.0462   0.22719515  0.093981197   0.62194466  0.056878991            0            0 
      0.0463   0.22729489  0.093914504   0.62185771    0.0569329            0            0 
      0.0464   0.22718865  0.094006391   0.62184735  0.056957617            0            0 
      0.0465   0.22713532  0.094019643   0.62193542  0.056909616            0            0 
      0.0466   0.22722327  0.093922505   0.62174039  0.057113828            0            0 
      0.0467   0.22729672  0.093654976   0.62193845  0.057109858            0            0 
      0.0468   0.22707539  0.093516276   0.62219769  0.057210642            0            0 
      0.0469   0.22731376  0.093595397   0.62182705   0.05726379            0            0 
       0.047   0.22756341  0.093320964   0.62182627  0.057289356            0            0 
      0.0471   0.22750256  0.093262321   0.62182862    0.0574065            0            0 
      0.0472   0.22738624  0.093199467   0.62176522  0.057649074            0            0 
      0.0473   0.22731974   0.09320931   0.62191079  0.057560161            0            0 
      0.0474   0.22756296   0.09303152   0.62154538  0.057860139            0            0 
      0.0475   0.22777855  0.092579187   0.62174745  0.057894811            0            0 
      0.0476   0.22774399  0.092478428   0.62180806  0.057969526            0            0 
      0.0477   0.22791284  0.092033386   0.62199845  0.058055329            0            0 
      0.0478   0.22797427  0.091909998   0.62194889  0.058166844            0            0 
      0.0479   0.22817039   0.09195139    0.6217574  0.058120824            0            0 
       0.048   0.22799066  0.091937365   0.62195604  0.058115938            0            0 
      0.0481   0.22801332  0.091895752    0.6219225  0.058168427            0            0 
      0.0482   0.22801199   0.09188731   0.62200437  0.058096327            0            0 
      0.0483   0.22796837  0.092002748    0.6220238  0.058005074            0            0 
      0.0484   0.22815762  0.091862757   0.62187516  0.058104457            0            0 
      0.0485   0.22822553  0.091817434   0.62190832  0.058048716            0            0 
      0.0486   0.22819588  0.091728162   0.62190213  0.058173822            0            0 
      0.0487   0.22828308  0.091361858   0.62207875  0.058276311            0            0 
      0.0488   0.22841048  0.091225735   0.62212262  0.058241158            0            0 
      0.0489   0.22835354  0.091334761   0.62202236  0.058289336            0            0 
       0.049   0.22921854  0.090169317   0.62221011  0.058402039            0            0 
      0.0491   0.22909896  0.090059829   0.62229774  0.058543477            0            0 
      0.0492   0.22917066  0.090062556   0.62218911  0.058577673            0            0 
      0.0493   0.22919716  0.090074093   0.62220742  0.058521325            0            0 
      0.0494   0.22932056  0.089873283   0.62225302  0.058553137            0            0 
      0.0495   0.22932025  0.089882404   0.62224714  0.058550202            0            0 
      0.0496   0.22925273  0.089962994   0.62224418  0.058540096            0            0 
      0.0497   0.22923896  0.089889272   0.62231861  0.058553152            0            0 
      0.0498   0.22926757  0.089868243   0.62231407  0.058550113            0            0 
      0.0499   0.22953073  0.089638201   0.62225223  0.058578843            0            0 
        0.05   0.22928371  0.089569868   0.62250232  0.058644099            0            0 
      0.0501   0.22940414  0.089668195   0.62240733  0.058520334            0            0 
      0.0502   0.22952661  0.089428475   0.62250731  0.058537613            0            0 
      0.0503    0.2295775  0.089305836   0.62248573  0.058630933            0            0 
      0.0504   0.22942566   0.08923198   0.62260555   0.05873681            0            0 
      0.0505   0.22954394   0.08922323   0.62243925  0.058793579            0            0 
      0.0506   0.22970434  0.089056265   0.62242348  0.058815922            0            0 
      0.0507   0.22968021  0.088766342   0.62265778  0.058895666            0            0 
      0.0508   0.22970729   0.08885587   0.62233581  0.059101034            0            0 
      0.0509   0.22979524  0.088789749   0.62235346  0.059061551            0            0 
       0.051   0.23011737   0.08877583   0.62199062  0.059116173            0            0 
      0.0511   0.22980778  0.088601512   0.62254605  0.059044657            0            0 
      0.0512   0.22996389  0.088494475    0.6223548  0.059186834            0            0 
      0.0513    0.2300521  0.088504305   0.62223801  0.059205584            0            0 
      0.0514    0.2299208  0.088463822   0.62248365  0.059131735            0            0 
      0.0515   0.22981015  0.088467014   0.62256618  0.059156656            0            0 
      0.0516   0.23003219  0.088421899   0.62232836  0.059217556            0            0 
      0.0517   0.23005298   0.08821664   0.62263573  0.059094648            0            0 
      0.0518   0.23030534  0.087933475   0.62247259  0.059288591            0            0 
      0.0519   0.23030398  0.087765931   0.62249331  0.059436786            0            0 
       0.052   0.23026475  0.087904719   0.62238874  0.059441786            0            0 
      0.0521   0.23043793  0.087567469   0.62239565  0.059598948            0            0 
      0.0522   0.23040013  0.087595662   0.62249864  0.059505571            0            0 
      0.0523     0.230535  0.087369475    0.6225438  0.059551719            0            0 
      0.0524   0.23042617  0.087298224   0.62287232  0.059403283            0            0 
      0.0525   0.23054463  0.087290347   0.62255433  0.059610694            0            0 
      0.0526   0.23062499  0.087338305   0.62248289  0.059553818            0            0 
      0.0527   0.23071712  0.087101054   0.62263789  0.059543935            0            0 
      0.0528    0.2308547  0.086830624   0.62268589   0.05962879            0            0 
      0.0529   0.23085984  0.086867814   0.62263364  0.059638706            0            0 
       0.053   0.23107901  0.086719272   0.62262234  0.059579375            0            0 
      0.0531   0.23095728  0.086667956   0.62280336  0.059571407            0            0 
      0.0532   0.23098272  0.086634091   0.62284759  0.059535605            0            0 
      0.0533   0.23115043   0.08646511    0.6227658  0.059618656            0            0 
      0.0534   0.23116127  0.086248223   0.62295136  0.059639151            0            0 
      0.0535   0.23135364   0.08620547   0.62285935  0.059581536            0            0 
      0.0536   0.23114668  0.086249769   0.62298428  0.059619269            0            0 
      0.0537   0.23133849  0.086255957   0.62278206  0.059623492            0            0 
      0.0538   0.23169173  0.085884724   0.62277846  0.059645081            0            0 
      0.0539   0.23143184  0.086018159   0.62292263  0.059627373            0            0 
       0.054   0.23159314  0.085750872    0.6229791  0.059676881            0            0 
      0.0541   0.23159749  0.085742236   0.62306143  0.059598846            0            0 
      0.0542   0.23162113  0.085828002   0.62299313  0.059557742            0            0 
      0.0543   0.23169565  0.085802847   0.62294084  0.059560663            0            0 
      0.0544   0.23164887  0.085570263   0.62318692  0.059593944            0            0 
      0.0545   0.23179683  0.085570043   0.62293892  0.059694212            0            0 
      0.0546   0.23164779   0.08545173   0.62314058  0.059759901            0            0 
      0.0547   0.23182053  0.085439899   0.62285031  0.059889254            0            0 
      0.0548   0.23174348  0.085380139   0.62303918  0.059837206            0            0 
      0.0549   0.23172963  0.085343537   0.62307709  0.059849735            0            0 
       0.055    0.2317988   0.08533347   0.62298484  0.059882888            0            0 
      0.0551    0.2319053  0.085162253   0.62300854  0.059923908            0            0 
      0.0552   0.23224801  0.084747095   0.62308963  0.059915263            0            0 
      0.0553   0.23244201  0.084251244   0.62341723  0.059889514            0            0 
      0.0554   0.23251118  0.084200274   0.62336732  0.059921227            0            0 
      0.0555    0.2323222  0.084310418   0.62345057  0.059916808            0            0 
      0.0556   0.23241712  0.084316849   0.62335933  0.059906693            0            0 
      0.0557   0.23231376  0.084304332   0.62347977  0.059902129            0            0 
      0.0558   0.23254804  0.084050584   0.62342523  0.059976145            0            0 
      0.0559   0.23272785  0.083810741   0.62355194  0.059909474            0            0 
       0.056   0.23275034  0.083880195   0.62339981   0.05996965            0            0 
      0.0561   0.23265229  0.083772932   0.62349205  0.060082728            0            0 
      0.0562   0.23275033   0.08379607   0.62342957  0.060024027            0            0 
      0.0563   0.23269426   0.08375744    0.6235135  0.060034807            0            0 
      0.0564   0.23277542  0.083565195   0.62353125  0.060128135            0            0 
      0.0565   0.23283938  0.083661567   0.62333285  0.060166203            0            0 
      0.0566   0.23274406  0.083672331   0.62349922  0.060084386            0            0 
      0.0567   0.23279555   0.08364282   0.62345266  0.060108964            0            0 
      0.0568    0.2330773  0.083164595   0.62367224  0.060085858            0            0 
      0.0569   0.23294665   0.08325917   0.62357301  0.060221171            0            0 
       0.057   0.23315908  0.083183434   0.62352501  0.060132478            0            0 
      0.0571   0.23316183  0.082910214   0.62373582  0.060192142            0            0 
      0.0572   0.23311768  0.082932835   0.62381772   0.06013177            0            0 
      0.0573   0.23346706  0.082581888   0.62370008  0.060250972            0            0 
      0.0574   0.23359103  0.082402272   0.62374615  0.060260539            0            0 
      0.0575   0.23362871  0.082262734   0.62380339   0.06030516            0            0 
      0.0576   0.23383434  0.081814758   0.62403556  0.060315346            0            0 
      0.0577   0.23383366  0.081959881   0.62389793  0.060308537            0            0 
      0.0578   0.23401734  0.081772357     0.623774  0.060436306            0            0 
      0.0579   0.23395661  0.081687123   0.62389838  0.060457884            0            0 
       0.058   0.23414217  0.081745782   0.62372444  0.060387616            0            0 
      0.0581   0.23390919  0.081576501   0.62395586   0.06055845            0            0 
      0.0582   0.23401723  0.081707611   0.62366985  0.060605308            0            0 
      0.0583   0.23391074  0.081513641    0.6238922  0.060683417            0            0 
      0.0584   0.23397739  0.081522083   0.62389158  0.060608947            0            0 
      0.0585   0.23440088  0.081020015   0.62391066  0.060668445            0            0 
      0.0586   0.23420401   0.08110074   0.62399196  0.060703296            0            0 
      0.0587   0.23426214  0.081057718   0.62401918   0.06066096            0            0 
      0.0588   0.23432508   0.08110701   0.62388268   0.06068522            0            0 
      0.0589   0.23431585   0.08096796   0.62393049  0.060785701            0            0 
       0.059   0.23445352  0.080728864   0.62395613  0.060861483            0            0 
      0.0591   0.23432753  0.080605317   0.62414145  0.060925696            0            0 
      0.0592   0.23444164  0.080657374   0.62387533  0.061025649            0            0 
      0.0593   0.23453284  0.080535719   0.62394269  0.060988752            0            0 
      0.0594   0.23459315  0.080329964      0.62405  0.061026887            0            0 
      0.0595   0.23463148  0.080281588   0.62404829  0.061038636            0            0 
      0.0596   0.23483266  0.079982953    0.6239647  0.061219681            0            0 
      0.0597   0.23481101  0.079780016   0.62413808   0.06127089            0            0 
      0.0598   0.23510149  0.079755463   0.62395069  0.061192351            0            0 
      0.0599   0.23510417  0.079597182   0.62396319  0.061335463            0            0 
        0.06   0.23495771  0.079631595   0.62410284  0.061307857            0            0 
      0.0601   0.23526541  0.079242277   0.62410211  0.061390207            0            0 
      0.0602   0.23532573  0.079132323   0.62424792  0.061294028            0            0 
      0.0603    0.2355991  0.078731335   0.62435331  0.061316258            0            0 
      0.0604   0.23566359  0.078597422   0.62438298  0.061356013            0            0 
      0.0605   0.23587176  0.078383103   0.62431361  0.061431525            0            0 
      0.0606   0.23577382  0.078408329   0.62447019  0.061347658            0            0 
      0.0607   0.23578732  0.078375237   0.62446978  0.061367659            0            0 
      0.0608   0.23591612  0.078342618    0.6245272  0.061214063            0            0 
      0.0609   0.23582866  0.078368808   0.62442111   0.06138142            0            0 
       0.061   0.23588558  0.078262959   0.62464399  0.061207473            0            0 
      0.0611   0.23575674  0.078451905   0.62437193  0.061419423            0            0 
      0.0612   0.23580214  0.078419602    0.6244013  0.061376961            0            0 
      0.0613   0.23586579  0.078227697   0.62445653  0.061449977            0            0 
      0.0614   0.23584313  0.078087801   0.62443664  0.061632423            0            0 
      0.0615    0.2358669  0.077994608   0.62439781  0.061740677            0            0 
      0.0616    0.2363133  0.077522023   0.62440851  0.061756172            0            0 
      0.0617   0.23616562   0.07756205   0.62447882   0.06179351            0            0 
      0.0618   0.23635542  0.077362885   0.62456566  0.061716033            0            0 
      0.0619   0.23637394   0.07716141   0.62462188  0.061842767            0            0 
       0.062   0.23636519  0.077198204   0.62451769  0.061918915            0            0 
      0.0621   0.23643691  0.077184987   0.62449907  0.061879026            0            0 
      0.0622    0.2363398  0.077272865   0.62451101  0.061876329            0            0 
      0.0623   0.23633408  0.077294373   0.62450059  0.061870955            0            0 
      0.0624   0.23637621  0.077118067   0.62446793  0.062037786            0            0 
      0.0625    0.2364636  0.077200108   0.62438735  0.061948949            0            0 
      0.0626    0.2364379  0.077121534   0.62447856  0.061962008            0            0 
      0.0627   0.23637891  0.077117442   0.62442101  0.062082631            0            0 
      0.0628   0.23633106   0.07717587   0.62449945  0.061993619            0            0 
      0.0629   0.23642195  0.077194682   0.62440247    0.0619809            0            0 
       0.063   0.23634987  0.077154087   0.62446049  0.062035558            0            0 
      0.0631   0.23648669  0.076922505   0.62456867  0.062022127            0            0 
      0.0632   0.23671798  0.076625695    0.6245421  0.062114222            0            0 
      0.0633   0.23671901  0.076711625   0.62435693  0.062212439            0            0 
      0.0634   0.23670179  0.076598856   0.62459502  0.062104331            0            0 
      0.0635   0.23674345  0.076632076   0.62461637  0.062008105            0            0 
      0.0636   0.23681667  0.076443915   0.62464227  0.062097149            0            0 
      0.0637   0.23687206  0.076275896   0.62458922  0.062262821            0            0 
      0.0638   0.23688428  0.076260039   0.62458619  0.062269489            0            0 
      0.0639    0.2368395  0.076360627    0.6245193   0.06228057            0            0 
       0.064   0.23682777  0.076365407   0.62453201  0.062274813            0            0 
      0.0641   0.23683204  0.076285796   0.62463038  0.062251789            0            0 
      0.0642   0.23679394  0.076315298   0.62466006  0.062230698            0            0 
      0.0643   0.23706312  0.076336239   0.62434546  0.062255186            0            0 
      0.0644   0.23684871  0.076277267   0.62460428  0.062269745            0            0 
      0.0645   0.23686626  0.076308766   0.62464587  0.062179109            0            0 
      0.0646    0.2369445  0.076296155   0.62443723  0.062322119            0            0 
      0.0647   0.23703088  0.075861331    0.6247953  0.062312489            0            0 
      0.0648    0.2372133  0.075727647   0.62473607   0.06232298            0            0 
      0.0649   0.23721612  0.075654816   0.62483975  0.062289318            0            0 
       0.065   0.23736498   0.07534843    0.6250269  0.062259689            0            0 
      0.0651   0.23733081  0.075362391   0.62508617  0.062220629            0            0 
      0.0652   0.23740603  0.075446868   0.62488229  0.062264805            0            0 
      0.0653   0.23743142  0.075411544   0.62488238  0.062274664            0            0 
      0.0654   0.23724186  0.075565953   0.62489931  0.062292878            0            0 
      0.0655   0.23754865  0.075194045   0.62495182  0.062305483            0            0 
      0.0656    0.2376219  0.075174811   0.62490584   0.06229745            0            0 
      0.0657   0.23758182  0.075212031   0.62491504  0.062291114            0            0 
      0.0658   0.23753995  0.075131234   0.62484844  0.062480381            0            0 
      0.0659    0.2379308  0.074757228   0.62483375  0.062478223            0            0 
       0.066   0.23774416  0.074865037   0.62495408  0.062436722            0            0 
      0.0661   0.23784305  0.074756175   0.62483668  0.062564094            0            0 
      0.0662   0.23789367  0.074540084   0.62500223  0.062564022            0            0 
      0.0663   0.23777987   0.07453809   0.62511684  0.062565199            0            0 
      0.0664   0.23762835  0.074588412   0.62507606  0.062707181            0            0 
      0.0665   0.23782104   0.07466086    0.6249588  0.062559291            0            0 
      0.0666   0.23818576  0.074219941   0.62497606  0.062618236            0            0 
      0.0667   0.23816154  0.074089412   0.62492939  0.062819654            0            0 
      0.0668   0.23813909  0.074119264   0.62497927  0.062762374            0            0 
      0.0669   0.23813493  0.074008005   0.62494482  0.062912245            0            0 
       0.067   0.23801936  0.074019567   0.62501686  0.062944217            0            0 
      0.0671   0.23813613  0.073585655   0.62507998  0.063198241            0            0 
      0.0672   0.23829159  0.073586343   0.62497236    0.0631497            0            0 
      0.0673   0.23836154   0.07349359   0.62495555  0.063189322            0            0 
      0.0674   0.23826191  0.073644154   0.62494353  0.063150398            0            0 
      0.0675   0.23850465  0.073277276   0.62504731  0.063170761            0            0 
      0.0676   0.23854743   0.07325297   0.62489533  0.063304272            0            0 
      0.0677   0.23853781  0.073261226   0.62489387  0.063307089            0            0 
      0.0678   0.23851963  0.073236241   0.62506549  0.063178641            0            0 
      0.0679   0.23841352  0.073261317   0.62500188  0.063323281            0            0 
       0.068   0.23859084  0.073275776   0.62482697  0.063306415            0            0 
      0.0681   0.23843726  0.073250589   0.62505744  0.063254711            0            0 
      0.0682   0.23859196   0.07300097   0.62514424   0.06326283            0            0 
      0.0683   0.23879735  0.072771396   0.62514455  0.063286701            0            0 
      0.0684   0.23866337  0.072830642   0.62526957  0.063236417            0            0 
      0.0685   0.23866268  0.072814913   0.62520642  0.063315985            0            0 
      0.0686   0.23900165   0.07285179    0.6246955  0.063451065            0            0 
      0.0687   0.23883099  0.072863502   0.62503054  0.063274965            0            0 
      0.0688   0.23876342   0.07273569   0.62500354  0.063497353            0            0 
      0.0689   0.23879899  0.072596687   0.62508761  0.063516712            0            0 
       0.069   0.23880602  0.072699082   0.62504681  0.063448093            0            0 
      0.0691   0.23873613  0.072672313   0.62521185  0.063379704            0            0 
      0.0692   0.23876484  0.072671054   0.62514298  0.063421128            0            0 
      0.0693   0.23880577  0.072638629   0.62498369  0.063571909            0            0 
      0.0694   0.23876421  0.072692883   0.62515866  0.063384247            0            0 
      0.0695   0.23894215  0.072634371   0.62491109  0.063512389            0            0 
      0.0696   0.23877807   0.07265436   0.62511455   0.06345302            0            0 
      0.0697   0.23882998  0.072744056   0.62490411  0.063521849            0            0 
      0.0698   0.23870129  0.072765978   0.62509185  0.063440878            0            0 
      0.0699   0.23884156  0.072601667   0.62499988  0.063556892            0            0 
        0.07   0.23909114  0.072309106   0.62508453  0.063515223            0            0 
      0.0701    0.2389744  0.072313729   0.62516647  0.063545398            0            0 
      0.0702   0.23891909  0.072425002     0.625076  0.063579909            0            0 
      0.0703   0.23891316  0.072419879   0.62514614  0.063520819            0            0 
      0.0704   0.23933757  0.071936057   0.62520603  0.063520338            0            0 
      0.0705   0.23921128  0.071801646   0.62536387   0.06362321            0            0 
      0.0706   0.23930114  0.071830668   0.62525456  0.063613625            0            0 
      0.0707   0.23917387  0.071949661   0.62534053  0.063535938            0            0 
      0.0708   0.23928649  0.071986626   0.62509636  0.063630523            0            0 
      0.0709   0.23926103  0.071916924   0.62523184  0.063590206            0            0 
       0.071   0.23914338  0.071959502    0.6253314  0.063565724            0            0 
      0.0711    0.2392766  0.071921793   0.62520553  0.063596084            0            0 
      0.0712   0.23919485  0.071810541   0.62526074   0.06373387            0            0 
      0.0713   0.23928891  0.071589603   0.62540162  0.063719865            0            0 
      0.0714   0.23941847  0.071585351   0.62526367  0.063732512            0            0 
      0.0715   0.23953127  0.071486549   0.62509897  0.063883216            0            0 
      0.0716   0.23950194  0.071563849   0.62512254  0.063811669            0            0 
      0.0717   0.23955071  0.071413317   0.62508652  0.063949456            0            0 
      0.0718   0.23951458  0.071512363   0.62520616  0.063766897            0            0 
      0.0719   0.23971801  0.071248146   0.62516169  0.063872159            0            0 
       0.072   0.23950244  0.071270407   0.62543872  0.063788426            0            0 
      0.0721   0.23980367  0.070900529   0.62547706  0.063818737            0            0 
      0.0722   0.24022225  0.070303867   0.62556878  0.063905099            0            0 
      0.0723   0.24020686  0.070366659   0.62556855  0.063857939            0            0 
      0.0724   0.24005321  0.070326323    0.6258538   0.06376667            0            0 
      0.0725    0.2402336  0.070388832    0.6255342  0.063843364            0            0 
      0.0726   0.24027199  0.070134148   0.62570048  0.063893379            0            0 
      0.0727   0.24015129  0.070179004   0.62575164  0.063918066            0            0 
      0.0728   0.24028326   0.07012491    0.6258021  0.063789726            0            0 
      0.0729   0.24026432  0.070256674   0.62556361  0.063915404            0            0 
       0.073   0.24020781   0.07018671   0.62565245  0.063953028            0            0 
      0.0731   0.24030521  0.070140748   0.62566599   0.06388805            0            0 
      0.0732   0.24025792  0.070264851   0.62562253  0.063854697            0            0 
      0.0733   0.24027878   0.07015124   0.62568296  0.063887022            0            0 
      0.0734   0.24029514  0.070157867   0.62566041  0.063886579            0            0 
      0.0735   0.24060564  0.069659847   0.62570787  0.064026644            0            0 
      0.0736   0.24056732  0.069596094   0.62580733  0.064029254            0            0 
      0.0737   0.24073655  0.069427503   0.62578462  0.064051329            0            0 
      0.0738   0.24077022  0.069337924   0.62577274  0.064119119            0            0 
      0.0739   0.24070845  0.069325757   0.62583822  0.064127571            0            0 
       0.074   0.24091449  0.069093554   0.62577843  0.064213534            0            0 
      0.0741   0.24110901  0.068718007   0.62593525  0.064237733            0            0 
      0.0742   0.24130868   0.06856572   0.62588582  0.064239782            0            0 
      0.0743    0.2410441  0.068548635   0.62608886  0.064318402            0            0 
      0.0744   0.24125751  0.068474056   0.62588313  0.064385303            0            0 
      0.0745   0.24123981  0.068523588   0.62596207  0.064274539            0            0 
      0.0746   0.24121721  0.068554248   0.62596438  0.064264162            0            0 
      0.0747   0.24123896  0.068507273   0.62593198  0.064321788            0            0 
      0.0748   0.24150522  0.068338728   0.62590131  0.064254733            0            0 
      0.0749    0.2414019  0.068400064   0.62588451  0.064313527            0            0 
       0.075   0.24136508  0.068355086   0.62601845   0.06426139            0            0 
      0.0751   0.24149768  0.068370054   0.62593573  0.064196544            0            0 
      0.0752   0.24137454  0.068365188   0.62594671  0.064313568            0            0 
      0.0753   0.24158948  0.068070329   0.62602232  0.064317878            0            0 
      0.0754   0.24148352  0.068104373   0.62610798  0.064304128            0            0 
      0.0755   0.24163549  0.067916471   0.62616295  0.064285089            0            0 
      0.0756    0.2415721  0.067898265   0.62617656  0.064353072            0            0 
      0.0757   0.24147531  0.067996437   0.62616637  0.064361887            0            0 
      0.0758   0.24161037  0.067919161   0.62613555  0.064334914            0            0 
      0.0759   0.24164916  0.067856482   0.62618076  0.064313598            0            0 
       0.076   0.24186877  0.067607748   0.62619883  0.064324646            0            0 
      0.0761   0.24172556  0.067656565   0.62625095  0.064366931            0            0 
      0.0762   0.24175853  0.067664206    0.6262948  0.064282464            0            0 
      0.0763   0.24187823  0.067349326   0.62649757  0.064274877            0            0 
      0.0764   0.24192189  0.067476837   0.62635013  0.064251145            0            0 
      0.0765   0.24190973  0.067444489   0.62623744  0.064408345            0            0 
      0.0766   0.24196058   0.06743489   0.62626224  0.064342282            0            0 
      0.0767   0.24210666  0.067227527   0.62610523  0.064560588            0            0 
      0.0768   0.24197077   0.06733404    0.6262752  0.064419991            0            0 
      0.0769   0.24187673  0.067374338   0.62629836  0.064450573            0            0 
       0.077   0.24226118   0.06715275   0.62602386  0.064562218            0            0 
      0.0771   0.24197333  0.067218722   0.62626827  0.064539672            0            0 
      0.0772   0.24207947  0.067228043   0.62614684  0.064545655            0            0 
      0.0773   0.24187041  0.067201242   0.62635817  0.064570172            0            0 
      0.0774   0.24207749  0.067223989   0.62617171  0.064526808            0            0 
      0.0775    0.2419605  0.067208933   0.62624684  0.064583724            0            0 
      0.0776   0.24207889  0.067159097   0.62626433  0.064497681            0            0 
      0.0777   0.24207823  0.067164887   0.62615208  0.064604807            0            0 
      0.0778    0.2421037  0.067244637   0.62601587  0.064635793            0            0 
      0.0779   0.24200066  0.067209256   0.62621256  0.064577523            0            0 
       0.078   0.24198344  0.067250401    0.6261873  0.064578857            0            0 
      0.0781   0.24199182  0.067212612   0.62619291  0.064602666            0            0 
      0.0782   0.24205035   0.06718038   0.62626643  0.064502845            0            0 
      0.0783   0.24185312  0.067244312   0.62631232  0.064590246            0            0 
      0.0784   0.24217143  0.066980076   0.62626755  0.064580941            0            0 
      0.0785    0.2422822  0.066764198    0.6263953  0.064558301            0            0 
      0.0786   0.24240686  0.066782991   0.62616175  0.064648406            0            0 
      0.0787   0.24255502  0.066308842   0.62656329  0.064572851            0            0 
      0.0788   0.24272245  0.066084375   0.62654875  0.064644423            0            0 
      0.0789   0.24287883  0.065840239   0.62662691   0.06465402            0            0 
       0.079   0.24284366  0.065892789   0.62662731  0.064636238            0            0 
      0.0791   0.24306989  0.065582034   0.62672321  0.064624868            0            0 
      0.0792   0.24280277  0.065523526   0.62707669  0.064597005            0            0 
      0.0793   0.24339378   0.06521744   0.62669893  0.064689857            0            0 
      0.0794   0.24329193  0.065232073   0.62685504  0.064620955            0            0 
      0.0795    0.2433023  0.065210637   0.62692157  0.064565491            0            0 
      0.0796   0.24345794  0.065187428   0.62684752  0.064507114            0            0 
      0.0797   0.24338156  0.065163175   0.62688906    0.0645662            0            0 
      0.0798   0.24334485  0.065230032   0.62677919  0.064645931            0            0 
      0.0799   0.24331769  0.065199147   0.62690124  0.064581923            0            0 
        0.08   0.24342295   0.06500434   0.62692711  0.064645604            0            0 
      0.0801    0.2435706  0.064716076   0.62698236  0.064730967            0            0 
      0.0802   0.24356727  0.064758896    0.6270401  0.064633735            0            0 
      0.0803   0.24335785  0.064699724   0.62727212  0.064670306            0            0 
      0.0804   0.24358247  0.064672319   0.62699296  0.064752253            0            0 
      0.0805   0.24359164  0.064656785   0.62698327    0.0647683            0            0 
      0.0806   0.24357543  0.064652407   0.62697899  0.064793169            0            0 
      0.0807   0.24353958  0.064663867   0.62701351  0.064783043            0            0 
      0.0808   0.24353979  0.064692329   0.62701392  0.064753967            0            0 
      0.0809   0.24353931  0.064626116   0.62704149  0.064793087            0            0 
       0.081   0.24350277  0.064660668   0.62711457  0.064721986            0            0 
      0.0811   0.24365913  0.064597488   0.62696843  0.064774956            0            0 
      0.0812   0.24363993  0.064643787   0.62695274  0.064763541            0            0 
      0.0813   0.24357481  0.064629168   0.62699911  0.064796912            0            0 
      0.0814   0.24346439  0.064647699   0.62706126  0.064826645            0            0 
      0.0815   0.24362527  0.064532102   0.62695644  0.064886187            0            0 
      0.0816   0.24365338  0.064534874   0.62688101  0.064930731            0            0 
      0.0817   0.24365933  0.064364503   0.62686205  0.065114115            0            0 
      0.0818   0.24368322  0.064441179   0.62685393  0.065021667            0            0 
      0.0819   0.24376525  0.064519521   0.62675689  0.064958338            0            0 
       0.082   0.24360054  0.064423527   0.62681242  0.065163513            0            0 
      0.0821   0.24376723  0.064354026   0.62659147  0.065287277            0            0 
      0.0822   0.24384013  0.064109753   0.62689958   0.06515054            0            0 
      0.0823   0.24390406  0.064177256   0.62672382   0.06519487            0            0 
      0.0824   0.24383924  0.064016382   0.62694843  0.065195949            0            0 
      0.0825   0.24368124  0.064107575   0.62699106  0.065220124            0            0 
      0.0826   0.24381945  0.064121725   0.62691451  0.065144306            0            0 
      0.0827   0.24363342  0.064140968   0.62699937  0.065226244            0            0 
      0.0828   0.24399019  0.063892186   0.62690448  0.065213148            0            0 
      0.0829   0.24391672  0.063881257   0.62701083  0.065191192            0            0 
       0.083   0.24415615  0.063535382   0.62694243  0.065366045            0            0 
      0.0831    0.2443486  0.063244973   0.62699331   0.06541312            0            0 
      0.0832   0.24438607   0.06324984   0.62697595  0.065388143            0            0 
      0.0833   0.24447223  0.062955952   0.62714395  0.065427873            0            0 
      0.0834   0.24447887  0.062997893   0.62710605  0.065417183            0            0 
      0.0835   0.24444415  0.063064687   0.62711091  0.065380247            0            0 
      0.0836    0.2443346   0.06302642   0.62722082  0.065418158            0            0 
      0.0837   0.24431607  0.062852679   0.62733695   0.06549431            0            0 
      0.0838    0.2446351  0.062842115   0.62685006  0.065672722            0            0 
      0.0839   0.24448896   0.06286867   0.62697183  0.065670538            0            0 
       0.084   0.24449672  0.062811127   0.62702605  0.065666101            0            0 
      0.0841   0.24458984  0.062788991   0.62691436  0.065706811            0            0 
      0.0842   0.24457911  0.062613882   0.62713054   0.06567647            0            0 
      0.0843   0.24457498  0.062515793   0.62706375  0.065845482            0            0 
      0.0844   0.24474604  0.062269043   0.62718485  0.065800068            0            0 
      0.0845   0.24472046  0.062201051   0.62724441  0.065834083            0            0 
      0.0846   0.24484968  0.062159538   0.62717042  0.065820362            0            0 
      0.0847   0.24477058  0.062285285   0.62712342   0.06582072            0            0 
      0.0848   0.24495202  0.061941258   0.62725833  0.065848394            0            0 
      0.0849   0.24496526  0.062016567   0.62721019  0.065807982            0            0 
       0.085   0.24499048  0.061886652   0.62719839  0.065924477            0            0 
      0.0851   0.24516105  0.061719892   0.62710927  0.066009788            0            0 
      0.0852   0.24532375  0.061595623   0.62708172  0.065998903            0            0 
      0.0853   0.24528132  0.061449257   0.62732235  0.065947083            0            0 
      0.0854   0.24530238  0.061481941   0.62719541  0.066020277            0            0 
      0.0855   0.24529805  0.061400158    0.6273711  0.065930694            0            0 
      0.0856   0.24532371  0.061291839   0.62729143  0.066093015            0            0 
      0.0857   0.24539047  0.061143535   0.62715498  0.066311008            0            0 
      0.0858   0.24539766  0.061136268   0.62712268  0.066343395            0            0 
      0.0859   0.24540384  0.061087629   0.62716359  0.066344943            0            0 
       0.086   0.24528141  0.061228675   0.62712968  0.066360237            0            0 
      0.0861   0.24555615  0.060911433   0.62718021  0.066352211            0            0 
      0.0862    0.2456715  0.060808535   0.62725047  0.066269492            0            0 
      0.0863   0.24515094  0.060865373   0.62748671  0.066496977            0            0 
      0.0864   0.24556406  0.060932687   0.62716917  0.066334083            0            0 
      0.0865   0.24551765  0.060713606   0.62719798  0.066570762            0            0 
      0.0866   0.24555802  0.060711855   0.62715338  0.066576747            0            0 
      0.0867   0.24563663  0.060714193   0.62709288  0.066556292            0            0 
      0.0868   0.24549758  0.060735782   0.62716396   0.06660268            0            0 
      0.0869   0.24554357  0.060759944   0.62707438  0.066622102            0            0 
       0.087   0.24562831  0.060712467   0.62706945   0.06658977            0            0 
      0.0871   0.24544784  0.060648278   0.62720623  0.066697643            0            0 
      0.0872   0.24565013  0.060482785   0.62733362  0.066533456            0            0 
      0.0873   0.24583825  0.060378796   0.62709243   0.06669052            0            0 
      0.0874   0.24569353  0.060156188   0.62742896  0.066721323            0            0 
      0.0875   0.24597165   0.05994465   0.62737589  0.066707803            0            0 
      0.0876   0.24587191  0.059901093    0.6274044  0.066822594            0            0 
      0.0877   0.24613151  0.059913611    0.6272978  0.066657082            0            0 
      0.0878    0.2462957  0.059648161   0.62728027  0.066775873            0            0 
      0.0879   0.24619301  0.059677283    0.6273162  0.066813508            0            0 
       0.088   0.24606818   0.05963902   0.62752848   0.06676432            0            0 
      0.0881   0.24614326  0.059656154   0.62751559  0.066684997            0            0 
      0.0882   0.24624482  0.059432514   0.62761558  0.066707086            0            0 
      0.0883   0.24655591  0.059359917    0.6273673  0.066716877            0            0 
      0.0884   0.24633185  0.059487697   0.62746148  0.066718969            0            0 
      0.0885   0.24630433  0.059497932   0.62747759  0.066720151            0            0 
      0.0886   0.24633864  0.059449514   0.62744368  0.066768157            0            0 
      0.0887    0.2462904  0.059416622   0.62754486   0.06674812            0            0 
      0.0888   0.24628316  0.059506178   0.62755937  0.066651286            0            0 
      0.0889   0.24622858  0.059472631   0.62758237  0.066716418            0            0 
       0.089   0.24637791  0.059385271   0.62751946  0.066717353            0            0 
      0.0891   0.24630133  0.059482348   0.62750636  0.066709961            0            0 
      0.0892   0.24634409  0.059522666    0.6273642  0.066769045            0            0 
      0.0893   0.24634981  0.059578807   0.62725928  0.066812097            0            0 
      0.0894   0.24637515   0.05934875   0.62739037  0.066885734            0            0 
      0.0895   0.24648275  0.059108408   0.62753463  0.066874214            0            0 
      0.0896   0.24657301  0.059160678   0.62741709  0.066849217            0            0 
      0.0897   0.24644758  0.059173405   0.62748661  0.066892403            0            0 
      0.0898   0.24655647  0.059126249     0.627485  0.066832274            0            0 
      0.0899   0.24652153  0.059113138   0.62745092  0.066914412            0            0 
        0.09   0.24652788  0.059136456   0.62744692  0.066888739            0            0 
      0.0901   0.24645853  0.059163511   0.62748417  0.066893797            0            0 
      0.0902   0.24648012  0.059141308   0.62751578  0.066862794            0            0 
      0.0903   0.24634453   0.05917893    0.6276591  0.066817444            0            0 
      0.0904   0.24648998  0.059113734   0.62763594  0.066760352            0            0 
      0.0905   0.24659221    0.0588836   0.62757964  0.066944542            0            0 
      0.0906   0.24650744  0.058866863   0.62761553   0.06701017            0            0 
      0.0907    0.2466502  0.058800856    0.6275784  0.066970545            0            0 
      0.0908   0.24663801  0.058476245   0.62771811   0.06716764            0            0 
      0.0909   0.24679586   0.05829924   0.62768194  0.067222955            0            0 
       0.091   0.24698539  0.058268965    0.6275009  0.067244741            0            0 
      0.0911   0.24683904  0.058244151    0.6276794  0.067237415            0            0 
      0.0912   0.24698035  0.058174864   0.62756529  0.067279503            0            0 
      0.0913   0.24702682  0.058155819   0.62755105  0.067266311            0            0 
      0.0914   0.24702789  0.058039327   0.62754594  0.067386841            0            0 
      0.0915   0.24708272  0.057901058   0.62768579  0.067330435            0            0 
      0.0916   0.24723701  0.057668956   0.62766104  0.067432994            0            0 
      0.0917   0.24723129  0.057767246     0.627678  0.067323462            0            0 
      0.0918   0.24716992  0.057529952   0.62788359  0.067416537            0            0 
      0.0919   0.24736649  0.057670023   0.62756067  0.067402814            0            0 
       0.092   0.24735548  0.057571556   0.62766069  0.067412267            0            0 
      0.0921   0.24737079  0.057628999   0.62761486  0.067385352            0            0 
      0.0922   0.24750082  0.057352748   0.62776547  0.067380964            0            0 
      0.0923   0.24743197  0.057218562   0.62783987  0.067509603            0            0 
      0.0924   0.24764711  0.057000243   0.62782489  0.067527757            0            0 
      0.0925   0.24778843  0.057008092   0.62765814  0.067545337            0            0 
      0.0926   0.24776188  0.056980642   0.62778828  0.067469195            0            0 
      0.0927   0.24766979  0.057046381   0.62780888  0.067474948            0            0 
      0.0928   0.24778522  0.056880697   0.62759691  0.067737178            0            0 
      0.0929   0.24775371  0.056870511   0.62758668  0.067789092            0            0 
       0.093   0.24787293  0.056598968    0.6277212  0.067806901            0            0 
      0.0931   0.24788503  0.056363357   0.62799082   0.06776079            0            0 
      0.0932   0.24780313  0.056325578   0.62803852  0.067832774            0            0 
      0.0933   0.24800273  0.056370858   0.62781419  0.067812225            0            0 
      0.0934   0.24786416  0.056430171   0.62787922  0.067826442            0            0 
      0.0935   0.24804682  0.056391355   0.62780748  0.067754345            0            0 
      0.0936   0.24794247  0.056385341   0.62786754   0.06780465            0            0 
      0.0937   0.24800089  0.056382693    0.6278305  0.067785914            0            0 
      0.0938   0.24760921  0.056412383   0.62818015  0.067798253            0            0 
      0.0939   0.24807589  0.056243659   0.62791164   0.06776881            0            0 
       0.094   0.24795293  0.056403463   0.62790704  0.067736565            0            0 
      0.0941   0.24813347  0.056133551   0.62793772  0.067795257            0            0 
      0.0942    0.2483495  0.055865325   0.62778091  0.068004268            0            0 
      0.0943   0.24827334  0.055828111   0.62765793  0.068240613            0            0 
      0.0944   0.24827275  0.055763722   0.62778414  0.068179385            0            0 
      0.0945    0.2482123  0.055837091   0.62782156  0.068129047            0            0 
      0.0946    0.2481478  0.055776456   0.62781507  0.068260679            0            0 
      0.0947   0.24819974  0.055875351   0.62781865  0.068106253            0            0 
      0.0948   0.24820935  0.055843925   0.62773976  0.068206958            0            0 
      0.0949   0.24841143  0.055860267    0.6274927  0.068235594            0            0 
       0.095   0.24822691  0.055634063   0.62780902  0.068330005            0            0 
      0.0951   0.24815645  0.055701635   0.62780673  0.068335187            0            0 
      0.0952   0.24826646  0.055577091   0.62799837   0.06815808            0            0 
      0.0953   0.24846424  0.055454372   0.62779556  0.068285825            0            0 
      0.0954   0.24874512  0.055009264   0.62795571   0.06828991            0            0 
      0.0955    0.2488042  0.055038941   0.62785312  0.068303737            0            0 
      0.0956   0.24852292  0.055021966   0.62807888  0.068376231            0            0 
      0.0957   0.24867597  0.055049206    0.6279704  0.068304418            0            0 
      0.0958   0.24884334  0.054973258   0.62779227  0.068391131            0            0 
      0.0959   0.24870703  0.055052889   0.62792261  0.068317474            0            0 
       0.096   0.24865298  0.055006805   0.62800022  0.068339993            0            0 
      0.0961   0.24861327  0.055035332   0.62805374  0.068297663            0            0 
      0.0962   0.24856464  0.055125761   0.62804117  0.068268431            0            0 
      0.0963   0.24876847  0.054989396   0.62797578  0.068266351            0            0 
      0.0964   0.24868483  0.055091914   0.62788895  0.068334302            0            0 
      0.0965   0.24867239  0.055063556   0.62783635  0.068427698            0            0 
      0.0966   0.24864654  0.055060195   0.62802367  0.068269595            0            0 
      0.0967   0.24892719  0.055023825   0.62779555  0.068253436            0            0 
      0.0968   0.24865667  0.055052751   0.62800698  0.068283597            0            0 
      0.0969    0.2487546  0.055070427   0.62782891  0.068346065            0            0 
       0.097   0.24883585  0.055040653   0.62778401   0.06833948            0            0 
      0.0971   0.24872268  0.055158335   0.62788095  0.068238038            0            0 
      0.0972   0.24872068  0.055028677   0.62795587  0.068294769            0            0 
      0.0973   0.24870512   0.05507148   0.62794151  0.068281887            0            0 
      0.0974   0.24883872  0.054805484   0.62807935   0.06827645            0            0 
      0.0975   0.24875816  0.054543587   0.62829954  0.068398715            0            0 
      0.0976   0.24888168   0.05458308   0.62811878  0.068416463            0            0 
      0.0977   0.24894806  0.054585064   0.62811266  0.068354213            0            0 
      0.0978   0.24900245  0.054555271   0.62811559  0.068326693            0            0 
      0.0979    0.2488507  0.054599258   0.62825165  0.068298399            0            0 
       0.098   0.24909311  0.054534261   0.62795911  0.068413517            0            0 
      0.0981   0.24896889  0.054580185   0.62827758  0.068173344            0            0 
      0.0982   0.24904441  0.054531054   0.62787842  0.068546121            0            0 
      0.0983   0.24896889  0.054452969   0.62810213  0.068476009            0            0 
      0.0984   0.24890009  0.054195365   0.62829757  0.068606977            0            0 
      0.0985   0.24908992  0.054238484   0.62821983  0.068451764            0            0 
      0.0986   0.24915358  0.054204813   0.62818897  0.068452635            0            0 
      0.0987   0.24898718  0.054319292   0.62831914  0.068374393            0            0 
      0.0988   0.24936486  0.054026703   0.62818705  0.068421391            0            0 
      0.0989   0.24931846  0.054126442   0.62804375  0.068511345            0            0 
       0.099   0.24925541  0.054058371   0.62821363  0.068472589            0            0 
      0.0991   0.24934467  0.053749709   0.62841606  0.068489553            0            0 
      0.0992     0.249312  0.053801748   0.62845418  0.068432073            0            0 
      0.0993   0.24951433  0.053595383   0.62848773   0.06840255            0            0 
      0.0994    0.2496636  0.053310474   0.62856425  0.068461673            0            0 
      0.0995   0.24992559  0.053395037    0.6281698  0.068509577            0            0 
      0.0996   0.24989162    0.0531004   0.62850123  0.068506757            0            0 
      0.0997   0.24995995  0.052908592   0.62859952  0.068531943            0            0 
      0.0998   0.24995512  0.052897776   0.62858442  0.068562681            0            0 
      0.0999   0.25002868  0.052879305   0.62855196  0.068540052            0            0 
         0.1    0.2501444  0.052662753   0.62865692  0.068535929            0            0 
