v_time c_3[1] c_3[2] 
           0            0            1 
      0.0001  0.026181585   0.97381842 
      0.0002  0.048642122   0.95135788 
      0.0003   0.06895451   0.93104549 
      0.0004  0.090001211   0.90999879 
      0.0005   0.10750793   0.89249207 
      0.0006   0.12655042   0.87344958 
      0.0007   0.14378548   0.85621452 
      0.0008   0.15850983   0.84149017 
      0.0009   0.17141326   0.82858674 
       0.001   0.18529951   0.81470049 
      0.0011   0.19538511   0.80461489 
      0.0012   0.20792668   0.79207332 
      0.0013   0.21798742   0.78201258 
      0.0014   0.23031865   0.76968135 
      0.0015   0.24014193   0.75985807 
      0.0016   0.24844308   0.75155692 
      0.0017   0.25808957   0.74191043 
      0.0018   0.26628789   0.73371211 
      0.0019    0.2744417    0.7255583 
       0.002   0.28328042   0.71671958 
      0.0021   0.29152102   0.70847898 
      0.0022   0.29729007   0.70270993 
      0.0023   0.30484127   0.69515873 
      0.0024   0.31286256   0.68713744 
      0.0025   0.32097361   0.67902639 
      0.0026    0.3292203    0.6707797 
      0.0027   0.33532645   0.66467355 
      0.0028   0.33985729   0.66014271 
      0.0029   0.34483259   0.65516741 
       0.003   0.35232084   0.64767916 
      0.0031   0.35799626   0.64200374 
      0.0032   0.36341666   0.63658334 
      0.0033   0.36802337   0.63197663 
      0.0034   0.37310112   0.62689888 
      0.0035    0.3780933    0.6219067 
      0.0036   0.38274323   0.61725677 
      0.0037   0.38999433   0.61000567 
      0.0038   0.39388105   0.60611895 
      0.0039   0.39806784   0.60193216 
       0.004   0.40279575   0.59720425 
      0.0041    0.4090554    0.5909446 
      0.0042   0.41260543   0.58739457 
      0.0043   0.41628129   0.58371871 
      0.0044   0.42087588   0.57912412 
      0.0045   0.42427612   0.57572388 
      0.0046   0.42777088   0.57222912 
      0.0047   0.43183554   0.56816446 
      0.0048   0.43603875   0.56396125 
      0.0049   0.43890335   0.56109665 
       0.005   0.44145908   0.55854092 
      0.0051   0.44481269   0.55518731 
      0.0052   0.44871555   0.55128445 
      0.0053   0.45198495   0.54801505 
      0.0054   0.45538074   0.54461926 
      0.0055   0.45894851   0.54105149 
      0.0056   0.46231687   0.53768313 
      0.0057   0.46681701   0.53318299 
      0.0058   0.46977401   0.53022599 
      0.0059   0.47320541   0.52679459 
       0.006   0.47515046   0.52484954 
      0.0061   0.47771039   0.52228961 
      0.0062   0.48160987   0.51839013 
      0.0063   0.48473756   0.51526244 
      0.0064   0.48809263   0.51190737 
      0.0065   0.48988682   0.51011318 
      0.0066   0.49188205   0.50811795 
      0.0067   0.49490675   0.50509325 
      0.0068   0.49834001   0.50165999 
      0.0069   0.50055715   0.49944285 
       0.007   0.50334663   0.49665337 
      0.0071   0.50758214   0.49241786 
      0.0072   0.50861248   0.49138752 
      0.0073   0.51237968   0.48762032 
      0.0074   0.51485251   0.48514749 
      0.0075   0.51554433   0.48445567 
      0.0076   0.51672465   0.48327535 
      0.0077   0.51987328   0.48012672 
      0.0078   0.52427894   0.47572106 
      0.0079   0.52535296   0.47464704 
       0.008    0.5272694    0.4727306 
      0.0081   0.53086075   0.46913925 
      0.0082    0.5333749    0.4666251 
      0.0083    0.5354335    0.4645665 
      0.0084   0.53814366   0.46185634 
      0.0085   0.53905512   0.46094488 
      0.0086   0.53998204   0.46001796 
      0.0087   0.54216061   0.45783939 
      0.0088   0.54375755   0.45624245 
      0.0089   0.54702426   0.45297574 
       0.009   0.54876815   0.45123185 
      0.0091   0.55018825   0.44981175 
      0.0092    0.5520827    0.4479173 
      0.0093   0.55382704   0.44617296 
      0.0094   0.55540587   0.44459413 
      0.0095   0.55739877   0.44260123 
      0.0096   0.55979841   0.44020159 
      0.0097   0.56149671   0.43850329 
      0.0098   0.56302856   0.43697144 
      0.0099   0.56469047   0.43530953 
        0.01   0.56683329   0.43316671 
      0.0101    0.5676457    0.4323543 
      0.0102   0.56911215   0.43088785 
      0.0103   0.57089878   0.42910122 
      0.0104   0.57277942   0.42722058 
      0.0105   0.57379869   0.42620131 
      0.0106   0.57606403   0.42393597 
      0.0107    0.5771028    0.4228972 
      0.0108   0.57880443   0.42119557 
      0.0109   0.58109042   0.41890958 
       0.011   0.58301396   0.41698604 
      0.0111   0.58381515   0.41618485 
      0.0112   0.58493099   0.41506901 
      0.0113   0.58565257   0.41434743 
      0.0114   0.58722576   0.41277424 
      0.0115   0.58888113   0.41111887 
      0.0116   0.58944283   0.41055717 
      0.0117   0.59028051   0.40971949 
      0.0118   0.59255493   0.40744507 
      0.0119    0.5934103    0.4065897 
       0.012   0.59515783   0.40484217 
      0.0121   0.59609264   0.40390736 
      0.0122   0.59825449   0.40174551 
      0.0123   0.60074699   0.39925301 
      0.0124   0.60339795   0.39660205 
      0.0125   0.60367293   0.39632707 
      0.0126   0.60462878   0.39537122 
      0.0127   0.60574325   0.39425675 
      0.0128   0.60644054   0.39355946 
      0.0129   0.60782028   0.39217972 
       0.013   0.60959556   0.39040444 
      0.0131   0.61124225   0.38875775 
      0.0132   0.61265665   0.38734335 
      0.0133   0.61480791   0.38519209 
      0.0134    0.6168727    0.3831273 
      0.0135   0.61773209   0.38226791 
      0.0136   0.61827136   0.38172864 
      0.0137   0.61847952   0.38152048 
      0.0138   0.61944283   0.38055717 
      0.0139   0.62021307   0.37978693 
       0.014   0.62063955   0.37936045 
      0.0141   0.62206905   0.37793095 
      0.0142   0.62390279   0.37609721 
      0.0143   0.62469066   0.37530934 
      0.0144   0.62685838   0.37314162 
      0.0145   0.62723007   0.37276993 
      0.0146   0.62933157   0.37066843 
      0.0147   0.63094399   0.36905601 
      0.0148   0.63176188   0.36823812 
      0.0149   0.63276878   0.36723122 
       0.015   0.63424164   0.36575836 
      0.0151   0.63451013   0.36548987 
      0.0152   0.63468868   0.36531132 
      0.0153   0.63668726   0.36331274 
      0.0154   0.63742634   0.36257366 
      0.0155   0.63836221   0.36163779 
      0.0156   0.63897482   0.36102518 
      0.0157   0.63994944   0.36005056 
      0.0158   0.64161192   0.35838808 
      0.0159   0.64223286   0.35776714 
       0.016   0.64351361   0.35648639 
      0.0161   0.64392989   0.35607011 
      0.0162   0.64480994   0.35519006 
      0.0163   0.64569479   0.35430521 
      0.0164   0.64700755   0.35299245 
      0.0165   0.64741389   0.35258611 
      0.0166   0.64777981   0.35222019 
      0.0167   0.64819933   0.35180067 
      0.0168   0.64902326   0.35097674 
      0.0169   0.64997189   0.35002811 
       0.017   0.65045921   0.34954079 
      0.0171   0.65058914   0.34941086 
      0.0172   0.65274673   0.34725327 
      0.0173   0.65342525   0.34657475 
      0.0174   0.65391924   0.34608076 
      0.0175   0.65527362   0.34472638 
      0.0176   0.65637244   0.34362756 
      0.0177   0.65629433   0.34370567 
      0.0178   0.65790469   0.34209531 
      0.0179    0.6579493    0.3420507 
       0.018   0.65842348   0.34157652 
      0.0181   0.65847412   0.34152588 
      0.0182   0.65813497   0.34186503 
      0.0183   0.65872338   0.34127662 
      0.0184    0.6593286    0.3406714 
      0.0185   0.66032932   0.33967068 
      0.0186   0.66122251   0.33877749 
      0.0187   0.66159679   0.33840321 
      0.0188   0.66270711   0.33729289 
      0.0189   0.66355374   0.33644626 
       0.019   0.66488383   0.33511617 
      0.0191   0.66555865   0.33444135 
      0.0192   0.66637542   0.33362458 
      0.0193   0.66743395   0.33256605 
      0.0194   0.66855875   0.33144125 
      0.0195    0.6690418    0.3309582 
      0.0196   0.66913269   0.33086731 
      0.0197   0.66982973   0.33017027 
      0.0198   0.66987153   0.33012847 
      0.0199   0.67114438   0.32885562 
        0.02   0.67135398   0.32864602 
      0.0201    0.6730976    0.3269024 
      0.0202   0.67493501   0.32506499 
      0.0203   0.67552195   0.32447805 
      0.0204   0.67592572   0.32407428 
      0.0205   0.67685005   0.32314995 
      0.0206   0.67786745   0.32213255 
      0.0207   0.67783456   0.32216544 
      0.0208   0.67798028   0.32201972 
      0.0209    0.6787798    0.3212202 
       0.021   0.67878481   0.32121519 
      0.0211   0.67961889   0.32038111 
      0.0212   0.67977329   0.32022671 
      0.0213   0.68003634   0.31996366 
      0.0214   0.68077808   0.31922192 
      0.0215   0.68137322   0.31862678 
      0.0216    0.6819236    0.3180764 
      0.0217    0.6837388    0.3162612 
      0.0218   0.68423343   0.31576657 
      0.0219    0.6857965    0.3142035 
       0.022   0.68610915   0.31389085 
      0.0221   0.68699492   0.31300508 
      0.0222   0.68736689   0.31263311 
      0.0223   0.68842577   0.31157423 
      0.0224   0.68913841   0.31086159 
      0.0225   0.68917595   0.31082405 
      0.0226   0.69002368   0.30997632 
      0.0227   0.69035209   0.30964791 
      0.0228   0.69119016   0.30880984 
      0.0229   0.69125836   0.30874164 
       0.023   0.69153903   0.30846097 
      0.0231   0.69231232   0.30768768 
      0.0232   0.69362252   0.30637748 
      0.0233   0.69377582   0.30622418 
      0.0234   0.69481657   0.30518343 
      0.0235   0.69520216   0.30479784 
      0.0236   0.69531396   0.30468604 
      0.0237    0.6960467    0.3039533 
      0.0238   0.69707911   0.30292089 
      0.0239   0.69754793   0.30245207 
       0.024   0.69780779   0.30219221 
      0.0241    0.6981269    0.3018731 
      0.0242   0.69904151   0.30095849 
      0.0243   0.69931185   0.30068815 
      0.0244    0.6997976    0.3002024 
      0.0245   0.70066958   0.29933042 
      0.0246   0.70094302   0.29905698 
      0.0247   0.70074255   0.29925745 
      0.0248   0.70147524   0.29852476 
      0.0249   0.70167036   0.29832964 
       0.025   0.70199857   0.29800143 
      0.0251   0.70266668   0.29733332 
      0.0252   0.70304855   0.29695145 
      0.0253   0.70384995   0.29615005 
      0.0254   0.70506005   0.29493995 
      0.0255   0.70507006   0.29492994 
      0.0256   0.70566366   0.29433634 
      0.0257   0.70552603   0.29447397 
      0.0258   0.70562299   0.29437701 
      0.0259   0.70700689   0.29299311 
       0.026   0.70705799   0.29294201 
      0.0261    0.7076086    0.2923914 
      0.0262   0.70790436   0.29209564 
      0.0263   0.70857077   0.29142923 
      0.0264   0.70857291   0.29142709 
      0.0265   0.70884594   0.29115406 
      0.0266   0.70996197   0.29003803 
      0.0267   0.71057806   0.28942194 
      0.0268   0.71206584   0.28793416 
      0.0269   0.71214942   0.28785058 
       0.027    0.7131065    0.2868935 
      0.0271   0.71427614   0.28572386 
      0.0272   0.71440868   0.28559132 
      0.0273   0.71463292   0.28536708 
      0.0274   0.71556734   0.28443266 
      0.0275   0.71569488   0.28430512 
      0.0276   0.71555419   0.28444581 
      0.0277   0.71678179   0.28321821 
      0.0278   0.71735644   0.28264356 
      0.0279   0.71830532   0.28169468 
       0.028   0.71961801   0.28038199 
      0.0281   0.71968613   0.28031387 
      0.0282   0.72101249   0.27898751 
      0.0283   0.72202606   0.27797394 
      0.0284   0.72210459   0.27789541 
      0.0285   0.72234189   0.27765811 
      0.0286   0.72283304   0.27716696 
      0.0287   0.72314593   0.27685407 
      0.0288   0.72314812   0.27685188 
      0.0289   0.72327071   0.27672929 
       0.029    0.7232477    0.2767523 
      0.0291   0.72388822   0.27611178 
      0.0292   0.72395924   0.27604076 
      0.0293   0.72459736   0.27540264 
      0.0294   0.72495925   0.27504075 
      0.0295     0.724947     0.275053 
      0.0296   0.72551127   0.27448873 
      0.0297   0.72570943   0.27429057 
      0.0298   0.72513694   0.27486306 
      0.0299   0.72588439   0.27411561 
        0.03   0.72566385   0.27433615 
      0.0301   0.72606166   0.27393834 
      0.0302   0.72652746   0.27347254 
      0.0303   0.72746068   0.27253932 
      0.0304   0.72853606   0.27146394 
      0.0305   0.72936656   0.27063344 
      0.0306   0.72967207   0.27032793 
      0.0307   0.73062446   0.26937554 
      0.0308   0.73088926   0.26911074 
      0.0309    0.7317458    0.2682542 
       0.031   0.73181805   0.26818195 
      0.0311   0.73270491   0.26729509 
      0.0312    0.7326756    0.2673244 
      0.0313   0.73312329   0.26687671 
      0.0314   0.73368738   0.26631262 
      0.0315   0.73432598   0.26567402 
      0.0316   0.73488216   0.26511784 
      0.0317   0.73554128   0.26445872 
      0.0318   0.73544943   0.26455057 
      0.0319    0.7355672    0.2644328 
       0.032   0.73567477   0.26432523 
      0.0321   0.73688099   0.26311901 
      0.0322   0.73698339   0.26301661 
      0.0323    0.7373834    0.2626166 
      0.0324   0.73761469   0.26238531 
      0.0325   0.73876225   0.26123775 
      0.0326   0.73890096   0.26109904 
      0.0327   0.73946213   0.26053787 
      0.0328   0.73929931   0.26070069 
      0.0329   0.73956762   0.26043238 
       0.033   0.74024537   0.25975463 
      0.0331   0.74043522   0.25956478 
      0.0332   0.74060855   0.25939145 
      0.0333   0.74094654   0.25905346 
      0.0334   0.74130636   0.25869364 
      0.0335   0.74179912   0.25820088 
      0.0336   0.74242861   0.25757139 
      0.0337   0.74260534   0.25739466 
      0.0338   0.74354972   0.25645028 
      0.0339   0.74371226   0.25628774 
       0.034   0.74399775   0.25600225 
      0.0341   0.74457407   0.25542593 
      0.0342    0.7451997    0.2548003 
      0.0343   0.74555082   0.25444918 
      0.0344   0.74582638   0.25417362 
      0.0345   0.74586306   0.25413694 
      0.0346   0.74595812   0.25404188 
      0.0347   0.74646786   0.25353214 
      0.0348   0.74672076   0.25327924 
      0.0349   0.74702898   0.25297102 
       0.035   0.74694298   0.25305702 
      0.0351   0.74792361   0.25207639 
      0.0352     0.748408     0.251592 
      0.0353   0.74860313   0.25139687 
      0.0354   0.74897891   0.25102109 
      0.0355   0.74978343   0.25021657 
      0.0356   0.75008349   0.24991651 
      0.0357   0.75005986   0.24994014 
      0.0358   0.75017908   0.24982092 
      0.0359   0.75055112   0.24944888 
       0.036   0.75106318   0.24893682 
      0.0361   0.75123218   0.24876782 
      0.0362   0.75153842   0.24846158 
      0.0363   0.75203577   0.24796423 
      0.0364   0.75198567   0.24801433 
      0.0365   0.75231868   0.24768132 
      0.0366   0.75249041   0.24750959 
      0.0367   0.75261961   0.24738039 
      0.0368   0.75209519   0.24790481 
      0.0369    0.7528067    0.2471933 
       0.037   0.75282923   0.24717077 
      0.0371    0.7539084    0.2460916 
      0.0372   0.75409697   0.24590303 
      0.0373   0.75430756   0.24569244 
      0.0374   0.75496009   0.24503991 
      0.0375   0.75571144   0.24428856 
      0.0376   0.75618261   0.24381739 
      0.0377   0.75736224   0.24263776 
      0.0378   0.75742481   0.24257519 
      0.0379   0.75783302   0.24216698 
       0.038   0.75839426   0.24160574 
      0.0381   0.75837094   0.24162906 
      0.0382   0.75823901   0.24176099 
      0.0383   0.75896174   0.24103826 
      0.0384   0.75915403   0.24084597 
      0.0385    0.7593761    0.2406239 
      0.0386   0.75908218   0.24091782 
      0.0387    0.7590111    0.2409889 
      0.0388   0.75936767   0.24063233 
      0.0389    0.7596554    0.2403446 
       0.039   0.75964336   0.24035664 
      0.0391   0.75983531   0.24016469 
      0.0392   0.75994223   0.24005777 
      0.0393   0.76025585   0.23974415 
      0.0394   0.76078835   0.23921165 
      0.0395   0.76135734   0.23864266 
      0.0396   0.76145584   0.23854416 
      0.0397   0.76145333   0.23854667 
      0.0398   0.76178163   0.23821837 
      0.0399   0.76178779   0.23821221 
        0.04    0.7621899    0.2378101 
      0.0401   0.76219429   0.23780571 
      0.0402   0.76225438   0.23774562 
      0.0403   0.76233163   0.23766837 
      0.0404   0.76235506   0.23764494 
      0.0405   0.76274091   0.23725909 
      0.0406   0.76270292   0.23729708 
      0.0407   0.76313624   0.23686376 
      0.0408   0.76302435   0.23697565 
      0.0409   0.76368479   0.23631521 
       0.041   0.76458037   0.23541963 
      0.0411   0.76519342   0.23480658 
      0.0412   0.76587651   0.23412349 
      0.0413   0.76608092   0.23391908 
      0.0414    0.7667942    0.2332058 
      0.0415   0.76707121   0.23292879 
      0.0416    0.7674306    0.2325694 
      0.0417   0.76805156   0.23194844 
      0.0418   0.76800824   0.23199176 
      0.0419   0.76861783   0.23138217 
       0.042   0.76934173   0.23065827 
      0.0421   0.77008069   0.22991931 
      0.0422   0.77047065   0.22952935 
      0.0423    0.7711648    0.2288352 
      0.0424   0.77112209   0.22887791 
      0.0425   0.77167181   0.22832819 
      0.0426   0.77212185   0.22787815 
      0.0427   0.77271546   0.22728454 
      0.0428   0.77274767   0.22725233 
      0.0429   0.77360849   0.22639151 
       0.043   0.77381303   0.22618697 
      0.0431   0.77365224   0.22634776 
      0.0432   0.77411415   0.22588585 
      0.0433   0.77394177   0.22605823 
      0.0434   0.77443134   0.22556866 
      0.0435   0.77441515   0.22558485 
      0.0436   0.77463848   0.22536152 
      0.0437   0.77557074   0.22442926 
      0.0438    0.7758774    0.2241226 
      0.0439   0.77641309   0.22358691 
       0.044   0.77691013   0.22308987 
      0.0441   0.77715923   0.22284077 
      0.0442   0.77712089   0.22287911 
      0.0443   0.77755126   0.22244874 
      0.0444    0.7775231    0.2224769 
      0.0445   0.77747282   0.22252718 
      0.0446   0.77839385   0.22160615 
      0.0447   0.77831939   0.22168061 
      0.0448   0.77897206   0.22102794 
      0.0449   0.78015049   0.21984951 
       0.045   0.78015159   0.21984841 
      0.0451   0.78067429   0.21932571 
      0.0452   0.78102332   0.21897668 
      0.0453   0.78137075   0.21862925 
      0.0454   0.78162661   0.21837339 
      0.0455   0.78198422   0.21801578 
      0.0456   0.78230162   0.21769838 
      0.0457   0.78208085   0.21791915 
      0.0458   0.78240724   0.21759276 
      0.0459   0.78285085   0.21714915 
       0.046   0.78286409   0.21713591 
      0.0461   0.78361719   0.21638281 
      0.0462   0.78375309   0.21624691 
      0.0463   0.78372407   0.21627593 
      0.0464   0.78380296   0.21619704 
      0.0465   0.78394719   0.21605281 
      0.0466   0.78450391   0.21549609 
      0.0467   0.78457881   0.21542119 
      0.0468   0.78437834   0.21562166 
      0.0469   0.78434508   0.21565492 
       0.047   0.78445991   0.21554009 
      0.0471   0.78475293   0.21524707 
      0.0472   0.78492221   0.21507779 
      0.0473   0.78538535   0.21461465 
      0.0474   0.78526658   0.21473342 
      0.0475   0.78576604   0.21423396 
      0.0476   0.78645165   0.21354835 
      0.0477   0.78720408   0.21279592 
      0.0478   0.78756603   0.21243397 
      0.0479   0.78745974   0.21254026 
       0.048   0.78770709   0.21229291 
      0.0481   0.78766887   0.21233113 
      0.0482   0.78808193   0.21191807 
      0.0483   0.78821931   0.21178069 
      0.0484    0.7881643    0.2118357 
      0.0485   0.78825845   0.21174155 
      0.0486   0.78837641   0.21162359 
      0.0487   0.78832488   0.21167512 
      0.0488   0.78824841   0.21175159 
      0.0489   0.78887329   0.21112671 
       0.049   0.78902963   0.21097037 
      0.0491   0.78920881   0.21079119 
      0.0492   0.78967309   0.21032691 
      0.0493   0.78946155   0.21053845 
      0.0494   0.78982532   0.21017468 
      0.0495   0.78997227   0.21002773 
      0.0496   0.79008053   0.20991947 
      0.0497   0.79024869   0.20975131 
      0.0498     0.790596     0.209404 
      0.0499   0.79109711   0.20890289 
        0.05   0.79238523   0.20761477 
      0.0501   0.79248226   0.20751774 
      0.0502   0.79291371   0.20708629 
      0.0503   0.79288227   0.20711773 
      0.0504   0.79345676   0.20654324 
      0.0505   0.79332016   0.20667984 
      0.0506   0.79354434   0.20645566 
      0.0507   0.79344667   0.20655333 
      0.0508   0.79351317   0.20648683 
      0.0509    0.7940716    0.2059284 
       0.051   0.79506529   0.20493471 
      0.0511   0.79497716   0.20502284 
      0.0512   0.79584499   0.20415501 
      0.0513   0.79599286   0.20400714 
      0.0514   0.79596668   0.20403332 
      0.0515   0.79629189   0.20370811 
      0.0516   0.79625617   0.20374383 
      0.0517   0.79629933   0.20370067 
      0.0518   0.79639842   0.20360158 
      0.0519   0.79650598   0.20349402 
       0.052   0.79699706   0.20300294 
      0.0521   0.79729568   0.20270432 
      0.0522    0.7979402    0.2020598 
      0.0523   0.79824541   0.20175459 
      0.0524   0.79820137   0.20179863 
      0.0525   0.79888416   0.20111584 
      0.0526   0.79903191   0.20096809 
      0.0527   0.80029489   0.19970511 
      0.0528   0.80021299   0.19978701 
      0.0529   0.80043838   0.19956162 
       0.053   0.80063505   0.19936495 
      0.0531   0.80127478   0.19872522 
      0.0532   0.80099363   0.19900637 
      0.0533    0.8013334    0.1986666 
      0.0534   0.80158966   0.19841034 
      0.0535   0.80150218   0.19849782 
      0.0536   0.80131289   0.19868711 
      0.0537    0.8020898    0.1979102 
      0.0538    0.8022039    0.1977961 
      0.0539   0.80259039   0.19740961 
       0.054   0.80271095   0.19728905 
      0.0541   0.80273956   0.19726044 
      0.0542   0.80274732   0.19725268 
      0.0543   0.80278656   0.19721344 
      0.0544   0.80274581   0.19725419 
      0.0545   0.80344799   0.19655201 
      0.0546   0.80425548   0.19574452 
      0.0547    0.8042803    0.1957197 
      0.0548   0.80569274   0.19430726 
      0.0549   0.80574419   0.19425581 
       0.055   0.80618277   0.19381723 
      0.0551   0.80601771   0.19398229 
      0.0552   0.80615986   0.19384014 
      0.0553   0.80678359   0.19321641 
      0.0554   0.80706106   0.19293894 
      0.0555   0.80746579   0.19253421 
      0.0556   0.80737266   0.19262734 
      0.0557   0.80731266   0.19268734 
      0.0558   0.80736889   0.19263111 
      0.0559    0.8075692    0.1924308 
       0.056   0.80846696   0.19153304 
      0.0561   0.80825591   0.19174409 
      0.0562   0.80828996   0.19171004 
      0.0563   0.80870117   0.19129883 
      0.0564   0.80864464   0.19135536 
      0.0565    0.8086843    0.1913157 
      0.0566   0.80870976   0.19129024 
      0.0567   0.80946756   0.19053244 
      0.0568   0.80968342   0.19031658 
      0.0569   0.80941979   0.19058021 
       0.057   0.80981172   0.19018828 
      0.0571   0.81002986   0.18997014 
      0.0572   0.80990228   0.19009772 
      0.0573   0.81059675   0.18940325 
      0.0574   0.81058913   0.18941087 
      0.0575   0.81062781   0.18937219 
      0.0576   0.81104028   0.18895972 
      0.0577   0.81102616   0.18897384 
      0.0578   0.81149299   0.18850701 
      0.0579   0.81160688   0.18839312 
       0.058   0.81154221   0.18845779 
      0.0581   0.81137049   0.18862951 
      0.0582   0.81152587   0.18847413 
      0.0583   0.81235829   0.18764171 
      0.0584   0.81230442   0.18769558 
      0.0585    0.8122807    0.1877193 
      0.0586   0.81227058   0.18772942 
      0.0587   0.81284419   0.18715581 
      0.0588   0.81312659   0.18687341 
      0.0589   0.81369963   0.18630037 
       0.059   0.81396156   0.18603844 
      0.0591   0.81353263   0.18646737 
      0.0592   0.81415585   0.18584415 
      0.0593   0.81462183   0.18537817 
      0.0594   0.81469487   0.18530513 
      0.0595   0.81453669   0.18546331 
      0.0596   0.81463696   0.18536304 
      0.0597     0.815498     0.184502 
      0.0598   0.81581208   0.18418792 
      0.0599   0.81586219   0.18413781 
        0.06   0.81571958   0.18428042 
      0.0601   0.81661478   0.18338522 
      0.0602   0.81642788   0.18357212 
      0.0603   0.81694959   0.18305041 
      0.0604   0.81717523   0.18282477 
      0.0605   0.81724534   0.18275466 
      0.0606   0.81783718   0.18216282 
      0.0607   0.81784395   0.18215605 
      0.0608   0.81788663   0.18211337 
      0.0609   0.81788251   0.18211749 
       0.061   0.81818155   0.18181845 
      0.0611   0.81854498   0.18145502 
      0.0612   0.81844958   0.18155042 
      0.0613   0.81886932   0.18113068 
      0.0614   0.81903375   0.18096625 
      0.0615   0.81912082   0.18087918 
      0.0616   0.81894295   0.18105705 
      0.0617   0.81912909   0.18087091 
      0.0618   0.81913065   0.18086935 
      0.0619     0.819603     0.180397 
       0.062   0.81999013   0.18000987 
      0.0621   0.82010256   0.17989744 
      0.0622   0.82004776   0.17995224 
      0.0623   0.82049179   0.17950821 
      0.0624   0.82061614   0.17938386 
      0.0625   0.82063529   0.17936471 
      0.0626   0.82089948   0.17910052 
      0.0627   0.82096932   0.17903068 
      0.0628   0.82071389   0.17928611 
      0.0629   0.82141649   0.17858351 
       0.063   0.82139486   0.17860514 
      0.0631   0.82148781   0.17851219 
      0.0632   0.82183714   0.17816286 
      0.0633   0.82181172   0.17818828 
      0.0634   0.82237339   0.17762661 
      0.0635   0.82215293   0.17784707 
      0.0636   0.82207873   0.17792127 
      0.0637    0.8220859    0.1779141 
      0.0638   0.82213522   0.17786478 
      0.0639   0.82221468   0.17778532 
       0.064   0.82252394   0.17747606 
      0.0641   0.82298097   0.17701903 
      0.0642   0.82244761   0.17755239 
      0.0643   0.82236427   0.17763573 
      0.0644   0.82252232   0.17747768 
      0.0645   0.82295342   0.17704658 
      0.0646   0.82292162   0.17707838 
      0.0647   0.82345356   0.17654644 
      0.0648   0.82352808   0.17647192 
      0.0649   0.82361056   0.17638944 
       0.065   0.82382278   0.17617722 
      0.0651   0.82381213   0.17618787 
      0.0652   0.82382377   0.17617623 
      0.0653   0.82374345   0.17625655 
      0.0654   0.82383893   0.17616107 
      0.0655   0.82420862   0.17579138 
      0.0656    0.8243914    0.1756086 
      0.0657   0.82440621   0.17559379 
      0.0658   0.82432569   0.17567431 
      0.0659   0.82483911   0.17516089 
       0.066   0.82480055   0.17519945 
      0.0661   0.82475981   0.17524019 
      0.0662    0.8247939    0.1752061 
      0.0663   0.82513761   0.17486239 
      0.0664   0.82501242   0.17498758 
      0.0665   0.82513734   0.17486266 
      0.0666   0.82510499   0.17489501 
      0.0667   0.82581586   0.17418414 
      0.0668    0.8261607    0.1738393 
      0.0669   0.82621702   0.17378298 
       0.067   0.82634042   0.17365958 
      0.0671   0.82615539   0.17384461 
      0.0672   0.82617388   0.17382612 
      0.0673   0.82638766   0.17361234 
      0.0674   0.82645457   0.17354543 
      0.0675   0.82684737   0.17315263 
      0.0676   0.82687322   0.17312678 
      0.0677   0.82681982   0.17318018 
      0.0678   0.82684124   0.17315876 
      0.0679   0.82675259   0.17324741 
       0.068   0.82684814   0.17315186 
      0.0681   0.82676456   0.17323544 
      0.0682   0.82681862   0.17318138 
      0.0683   0.82657112   0.17342888 
      0.0684   0.82681213   0.17318787 
      0.0685   0.82718739   0.17281261 
      0.0686   0.82747282   0.17252718 
      0.0687   0.82779234   0.17220766 
      0.0688    0.8281098    0.1718902 
      0.0689   0.82817751   0.17182249 
       0.069    0.8288856    0.1711144 
      0.0691   0.82922333   0.17077667 
      0.0692   0.82970835   0.17029165 
      0.0693   0.82937002   0.17062998 
      0.0694   0.82946767   0.17053233 
      0.0695   0.82940163   0.17059837 
      0.0696   0.82951524   0.17048476 
      0.0697   0.82958854   0.17041146 
      0.0698    0.8297201    0.1702799 
      0.0699   0.82962172   0.17037828 
        0.07   0.82988048   0.17011952 
      0.0701   0.82979473   0.17020527 
      0.0702    0.8299168    0.1700832 
      0.0703   0.83013091   0.16986909 
      0.0704    0.8300851    0.1699149 
      0.0705   0.83030974   0.16969026 
      0.0706   0.83054512   0.16945488 
      0.0707   0.83097644   0.16902356 
      0.0708   0.83145457   0.16854543 
      0.0709   0.83150298   0.16849702 
       0.071   0.83137619   0.16862381 
      0.0711   0.83150374   0.16849626 
      0.0712   0.83141112   0.16858888 
      0.0713   0.83172333   0.16827667 
      0.0714   0.83170277   0.16829723 
      0.0715   0.83188282   0.16811718 
      0.0716    0.8319939    0.1680061 
      0.0717    0.8321153    0.1678847 
      0.0718   0.83190509   0.16809491 
      0.0719   0.83269156   0.16730844 
       0.072   0.83249836   0.16750164 
      0.0721   0.83292663   0.16707337 
      0.0722   0.83266756   0.16733244 
      0.0723   0.83296263   0.16703737 
      0.0724   0.83319442   0.16680558 
      0.0725   0.83357459   0.16642541 
      0.0726   0.83349529   0.16650471 
      0.0727    0.8335108    0.1664892 
      0.0728   0.83354106   0.16645894 
      0.0729   0.83386833   0.16613167 
       0.073   0.83374706   0.16625294 
      0.0731   0.83403604   0.16596396 
      0.0732   0.83436241   0.16563759 
      0.0733   0.83427691   0.16572309 
      0.0734   0.83407283   0.16592717 
      0.0735   0.83431854   0.16568146 
      0.0736   0.83409127   0.16590873 
      0.0737   0.83430438   0.16569562 
      0.0738   0.83406036   0.16593964 
      0.0739   0.83482532   0.16517468 
       0.074   0.83555351   0.16444649 
      0.0741   0.83547776   0.16452224 
      0.0742   0.83622085   0.16377915 
      0.0743   0.83574179   0.16425821 
      0.0744   0.83649695   0.16350305 
      0.0745    0.8365227    0.1634773 
      0.0746   0.83652551   0.16347449 
      0.0747   0.83656225   0.16343775 
      0.0748   0.83677699   0.16322301 
      0.0749   0.83710171   0.16289829 
       0.075   0.83684836   0.16315164 
      0.0751   0.83758134   0.16241866 
      0.0752   0.83758239   0.16241761 
      0.0753   0.83774772   0.16225228 
      0.0754   0.83797419   0.16202581 
      0.0755   0.83789702   0.16210298 
      0.0756   0.83873867   0.16126133 
      0.0757   0.83891279   0.16108721 
      0.0758    0.8388097    0.1611903 
      0.0759    0.8390197    0.1609803 
       0.076    0.8390719    0.1609281 
      0.0761   0.83932994   0.16067006 
      0.0762   0.83976581   0.16023419 
      0.0763   0.83955494   0.16044506 
      0.0764   0.83963226   0.16036774 
      0.0765   0.84000508   0.15999492 
      0.0766   0.84022237   0.15977763 
      0.0767   0.84021429   0.15978571 
      0.0768   0.84025576   0.15974424 
      0.0769   0.84034543   0.15965457 
       0.077   0.84061068   0.15938932 
      0.0771   0.84090499   0.15909501 
      0.0772   0.84119062   0.15880938 
      0.0773   0.84131329   0.15868671 
      0.0774   0.84150057   0.15849943 
      0.0775    0.8423511    0.1576489 
      0.0776   0.84271681   0.15728319 
      0.0777   0.84258703   0.15741297 
      0.0778   0.84264886   0.15735114 
      0.0779   0.84262077   0.15737923 
       0.078   0.84303437   0.15696563 
      0.0781   0.84304501   0.15695499 
      0.0782   0.84407295   0.15592705 
      0.0783   0.84394999   0.15605001 
      0.0784    0.8442993    0.1557007 
      0.0785   0.84436968   0.15563032 
      0.0786   0.84466483   0.15533517 
      0.0787   0.84505514   0.15494486 
      0.0788   0.84535969   0.15464031 
      0.0789    0.8456805    0.1543195 
       0.079   0.84573939   0.15426061 
      0.0791   0.84565838   0.15434162 
      0.0792   0.84599106   0.15400894 
      0.0793   0.84631195   0.15368805 
      0.0794   0.84654133   0.15345867 
      0.0795   0.84625016   0.15374984 
      0.0796   0.84649776   0.15350224 
      0.0797   0.84623484   0.15376516 
      0.0798    0.8466284    0.1533716 
      0.0799   0.84707439   0.15292561 
        0.08   0.84696341   0.15303659 
      0.0801   0.84705484   0.15294516 
      0.0802   0.84713902   0.15286098 
      0.0803   0.84691759   0.15308241 
      0.0804   0.84704584   0.15295416 
      0.0805    0.8473593    0.1526407 
      0.0806   0.84687202   0.15312798 
      0.0807   0.84709259   0.15290741 
      0.0808   0.84676197   0.15323803 
      0.0809    0.8469421    0.1530579 
       0.081   0.84702286   0.15297714 
      0.0811   0.84700614   0.15299386 
      0.0812   0.84714782   0.15285218 
      0.0813   0.84712035   0.15287965 
      0.0814   0.84756606   0.15243394 
      0.0815   0.84778403   0.15221597 
      0.0816   0.84809846   0.15190154 
      0.0817   0.84804629   0.15195371 
      0.0818   0.84949497   0.15050503 
      0.0819   0.84963575   0.15036425 
       0.082   0.84938593   0.15061407 
      0.0821   0.84939211   0.15060789 
      0.0822   0.84946547   0.15053453 
      0.0823    0.8495086    0.1504914 
      0.0824   0.84941255   0.15058745 
      0.0825   0.84930909   0.15069091 
      0.0826   0.84952349   0.15047651 
      0.0827   0.84956944   0.15043056 
      0.0828   0.84949896   0.15050104 
      0.0829   0.84985962   0.15014038 
       0.083   0.84982018   0.15017982 
      0.0831   0.84975551   0.15024449 
      0.0832   0.84984033   0.15015967 
      0.0833   0.84980356   0.15019644 
      0.0834    0.8501092    0.1498908 
      0.0835   0.85008143   0.14991857 
      0.0836   0.85071109   0.14928891 
      0.0837    0.8508774    0.1491226 
      0.0838   0.85119742   0.14880258 
      0.0839   0.85130117   0.14869883 
       0.084   0.85117404   0.14882596 
      0.0841   0.85133382   0.14866618 
      0.0842   0.85104694   0.14895306 
      0.0843   0.85154565   0.14845435 
      0.0844   0.85149503   0.14850497 
      0.0845   0.85245273   0.14754727 
      0.0846   0.85233866   0.14766134 
      0.0847   0.85186998   0.14813002 
      0.0848   0.85226179   0.14773821 
      0.0849   0.85229566   0.14770434 
       0.085   0.85221864   0.14778136 
      0.0851   0.85228631   0.14771369 
      0.0852   0.85199697   0.14800303 
      0.0853   0.85217805   0.14782195 
      0.0854   0.85226404   0.14773596 
      0.0855   0.85201257   0.14798743 
      0.0856   0.85225451   0.14774549 
      0.0857   0.85240424   0.14759576 
      0.0858   0.85199663   0.14800337 
      0.0859   0.85213266   0.14786734 
       0.086   0.85247656   0.14752344 
      0.0861   0.85229201   0.14770799 
      0.0862   0.85228332   0.14771668 
      0.0863   0.85224818   0.14775182 
      0.0864    0.8525249    0.1474751 
      0.0865   0.85272244   0.14727756 
      0.0866   0.85271813   0.14728187 
      0.0867   0.85229288   0.14770712 
      0.0868   0.85244029   0.14755971 
      0.0869   0.85278801   0.14721199 
       0.087   0.85322079   0.14677921 
      0.0871   0.85311946   0.14688054 
      0.0872   0.85325708   0.14674292 
      0.0873   0.85338518   0.14661482 
      0.0874    0.8531851    0.1468149 
      0.0875   0.85328987   0.14671013 
      0.0876    0.8532118    0.1467882 
      0.0877   0.85321067   0.14678933 
      0.0878   0.85330689   0.14669311 
      0.0879   0.85338367   0.14661633 
       0.088   0.85325412   0.14674588 
      0.0881   0.85318014   0.14681986 
      0.0882   0.85301092   0.14698908 
      0.0883   0.85352044   0.14647956 
      0.0884   0.85344668   0.14655332 
      0.0885   0.85533188   0.14466812 
      0.0886   0.85528914   0.14471086 
      0.0887   0.85524957   0.14475043 
      0.0888   0.85518453   0.14481547 
      0.0889   0.85538871   0.14461129 
       0.089     0.855502     0.144498 
      0.0891   0.85524644   0.14475356 
      0.0892   0.85546944   0.14453056 
      0.0893   0.85509325   0.14490675 
      0.0894   0.85532904   0.14467096 
      0.0895   0.85537775   0.14462225 
      0.0896   0.85547763   0.14452237 
      0.0897    0.8556371    0.1443629 
      0.0898   0.85630877   0.14369123 
      0.0899   0.85652265   0.14347735 
        0.09   0.85650694   0.14349306 
      0.0901   0.85670299   0.14329701 
      0.0902   0.85691388   0.14308612 
      0.0903   0.85697676   0.14302324 
      0.0904   0.85710656   0.14289344 
      0.0905   0.85694296   0.14305704 
      0.0906   0.85697358   0.14302642 
      0.0907   0.85734647   0.14265353 
      0.0908   0.85750775   0.14249225 
      0.0909   0.85722934   0.14277066 
       0.091    0.8573424    0.1426576 
      0.0911   0.85731731   0.14268269 
      0.0912   0.85726762   0.14273238 
      0.0913   0.85735396   0.14264604 
      0.0914   0.85784429   0.14215571 
      0.0915   0.85838447   0.14161553 
      0.0916   0.85836226   0.14163774 
      0.0917   0.85881626   0.14118374 
      0.0918   0.85843204   0.14156796 
      0.0919   0.85837814   0.14162186 
       0.092   0.85855096   0.14144904 
      0.0921   0.85867186   0.14132814 
      0.0922    0.8586012    0.1413988 
      0.0923   0.85868504   0.14131496 
      0.0924   0.85872641   0.14127359 
      0.0925   0.85873667   0.14126333 
      0.0926   0.85867866   0.14132134 
      0.0927   0.85875153   0.14124847 
      0.0928   0.85874026   0.14125974 
      0.0929   0.85902319   0.14097681 
       0.093     0.859022     0.140978 
      0.0931   0.85948629   0.14051371 
      0.0932   0.85944863   0.14055137 
      0.0933   0.85941674   0.14058326 
      0.0934   0.85918571   0.14081429 
      0.0935   0.85958803   0.14041197 
      0.0936   0.86058746   0.13941254 
      0.0937   0.86077777   0.13922223 
      0.0938   0.86076844   0.13923156 
      0.0939   0.86075799   0.13924201 
       0.094   0.86086728   0.13913272 
      0.0941   0.86091034   0.13908966 
      0.0942   0.86085849   0.13914151 
      0.0943   0.86082579   0.13917421 
      0.0944   0.86074832   0.13925168 
      0.0945   0.86081225   0.13918775 
      0.0946   0.86113739   0.13886261 
      0.0947   0.86117781   0.13882219 
      0.0948   0.86110567   0.13889433 
      0.0949   0.86112139   0.13887861 
       0.095   0.86113679   0.13886321 
      0.0951   0.86114577   0.13885423 
      0.0952   0.86118734   0.13881266 
      0.0953   0.86154586   0.13845414 
      0.0954   0.86185242   0.13814758 
      0.0955    0.8617665    0.1382335 
      0.0956   0.86205913   0.13794087 
      0.0957   0.86240685   0.13759315 
      0.0958    0.8622364    0.1377636 
      0.0959   0.86254107   0.13745893 
       0.096   0.86236935   0.13763065 
      0.0961   0.86250726   0.13749274 
      0.0962   0.86274846   0.13725154 
      0.0963   0.86256183   0.13743817 
      0.0964   0.86298579   0.13701421 
      0.0965   0.86279842   0.13720158 
      0.0966    0.8628318    0.1371682 
      0.0967   0.86321187   0.13678813 
      0.0968   0.86354817   0.13645183 
      0.0969   0.86363753   0.13636247 
       0.097   0.86356961   0.13643039 
      0.0971    0.8636375    0.1363625 
      0.0972   0.86342943   0.13657057 
      0.0973   0.86366532   0.13633468 
      0.0974   0.86436612   0.13563388 
      0.0975   0.86474997   0.13525003 
      0.0976   0.86459187   0.13540813 
      0.0977   0.86501332   0.13498668 
      0.0978   0.86488197   0.13511803 
      0.0979   0.86502097   0.13497903 
       0.098   0.86495017   0.13504983 
      0.0981   0.86474643   0.13525357 
      0.0982   0.86495529   0.13504471 
      0.0983   0.86475673   0.13524327 
      0.0984   0.86520743   0.13479257 
      0.0985    0.8652519    0.1347481 
      0.0986   0.86498004   0.13501996 
      0.0987   0.86521464   0.13478536 
      0.0988   0.86520719   0.13479281 
      0.0989   0.86523967   0.13476033 
       0.099   0.86535189   0.13464811 
      0.0991   0.86526953   0.13473047 
      0.0992   0.86530883   0.13469117 
      0.0993   0.86536082   0.13463918 
      0.0994   0.86533365   0.13466635 
      0.0995   0.86536266   0.13463734 
      0.0996   0.86519247   0.13480753 
      0.0997   0.86583788   0.13416212 
      0.0998   0.86605727   0.13394273 
      0.0999    0.8664847    0.1335153 
         0.1   0.86663912   0.13336088 
