Step CPU Np Natt Ncoll c_St c_Sr c_Sv 
       0            0   100000        0        0    19990.731    10.001807    9.9847899 
       1   0.11576796   100000    12580     6356    19578.259    503.44565     135.2485 
       2   0.24872112   100000    73768    35677    17580.562     2851.204    784.03547 
       3   0.37706399   100000    73768    34476    16101.526    4530.7153    1323.0784 
       4   0.50654197   100000    73768    33563    14950.882    5823.4231    1756.3372 
       5   0.63240099   100000    73768    33086    14045.836    6776.9034    2160.4255 
       6   0.75504804   100000    73767    32298    13337.271    7499.1941    2500.9828 
       7   0.87070012   100000    73768    31755    12749.229    8062.1852    2820.0539 
       8   0.98717403   100000    73768    31400    12284.881    8479.3607    3099.4002 
       9    1.1101069   100000    73768    31023    11885.828    8822.6509    3354.6898 
      10    1.2263391   100000    73768    30644    11545.652     9092.544    3595.0601 
      11     1.334007   100000    73768    30461    11243.063    9318.3781    3823.1097 
      12    1.4398501   100000    73768    30399    11012.127    9475.8787    4012.0138 
      13    1.5547481   100000    73768    30199    10802.974    9591.3495    4210.2725 
      14     1.661598   100000    73768    29890    10629.091    9677.9886    4384.4578 
      15    1.7687671   100000    73768    29883    10467.263    9752.8462    4552.3423 
      16    1.8766811   100000    73768    29620    10334.275    9795.3227    4709.3478 
      17    1.9829221   100000    73768    29723    10213.939     9839.322    4845.8523 
      18    2.0862961   100000    73768    29726    10110.766    9865.6305    4974.3033 
      19     2.186024   100000    73768    29505    10021.134    9873.5294    5100.8522 
      20     2.282917   100000    73767    29638    9946.0911    9866.7972    5220.1489 
      21     2.379817   100000    73768    29489    9865.4037    9869.2233     5338.754 
      22    2.4767091   100000    73768    29282     9758.047    9901.0684     5467.944 
      23    2.5770371   100000    73768    29144    9669.9565    9923.3622    5577.7859 
      24     2.679584   100000    73768    28932    9611.3651     9909.065    5679.9701 
      25    2.7817371   100000    73768    28876    9561.8694    9893.4272    5769.8516 
      26     2.883019   100000    73768    28911    9516.5872    9863.8284    5867.3736 
      27    2.9882882   100000    73768    28992    9457.1795    9874.0214    5946.2921 
      28    3.0858331   100000    73768    28881    9430.3358    9823.2322    6037.3469 
      29     3.182493   100000    73768    28940    9424.0255    9759.5397    6110.5048 
      30    3.2789609   100000    73768    28856    9381.6824    9746.1631    6187.3961 
      31     3.375001   100000    73768    29066     9343.903     9718.651    6271.5772 
      32    3.4744401   100000    73768    28819    9330.3896     9676.794    6333.7044 
      33     3.572094   100000    73768    28875    9298.4627     9650.775    6407.6138 
      34     3.667841   100000    73767    28774    9281.8328    9628.2956    6455.0379 
      35    3.7635231   100000    73768    28832    9239.5323    9622.8093     6523.975 
      36    3.8630891   100000    73768    28811    9217.8593    9586.5644    6592.7294 
      37     3.963172   100000    73768    28771    9180.1174    9590.5083    6645.3983 
      38    4.0634739   100000    73768    28647    9150.8241    9576.1639    6703.6828 
      39    4.1589231   100000    73768    28539    9116.9094    9570.9365    6759.7821 
      40    4.2569931   100000    73768    28670    9094.7581    9554.6169    6809.3287 
      41    4.3546929   100000    73768    28334    9071.1361    9528.5498    6870.8289 
      42     4.450068   100000    73768    28702    9044.0602     9523.157    6916.8355 
      43    4.5468731   100000    73768    28558     9028.328    9498.8975    6964.6934 
      44    4.6452041   100000    73768    28655    9021.1718    9467.9502     7006.375 
      45     4.747191   100000    73768    28392    9000.0315    9451.7281    7054.3074 
      46     4.850924   100000    73768    28647    8994.8356    9423.0784    7090.7509 
      47    4.9540451   100000    73767    28335    8989.2388    9387.7239    7134.5007 
      48    5.0590451   100000    73768    28327    8967.2482    9385.2813    7169.9292 
      49     5.168165   100000    73768    28410    8930.1125    9391.6243    7219.2898 
      50    5.2674031   100000    73768    28597    8927.5071    9364.5794    7250.2427 
      51     5.371104   100000    73768    28773    8912.7591    9358.2747    7278.6694 
      52    5.4761441   100000    73768    28321    8907.2529    9334.8253    7310.3782 
      53     5.574672   100000    73768    28520    8894.3076    9318.6615    7345.9598 
      54    5.6731091   100000    73768    28368    8883.3925    9298.1244    7382.8696 
      55     5.767143   100000    73768    28249    8877.3692    9278.4076    7411.6214 
      56    5.8662829   100000    73768    28367    8856.5498    9279.1669    7442.0913 
      57    5.9633989   100000    73768    28416    8850.9747    9266.1494    7463.4714 
      58     6.063431   100000    73768    28448     8832.891    9269.6135    7487.1327 
      59     6.169847   100000    73768    28369    8813.2657    9258.6263    7527.5579 
      60     6.271327   100000    73768    28354    8799.8527    9260.3061    7545.9976 
      61     6.373899   100000    73767    28296     8798.849    9245.6756    7562.1336 
      62      6.47612   100000    73768    28362    8777.1889    9249.2521    7591.0475 
      63     6.583524   100000    73768    28463     8767.162    9234.3859    7620.9539 
      64    6.6872211   100000    73768    28425    8763.0407    9216.5213    7645.0005 
      65     6.789607   100000    73768    28386    8755.4801    9205.4426    7667.4201 
      66    6.8941171   100000    73768    28253    8739.1263    9195.5512    7701.8422 
      67    7.0037911   100000    73768    28192    8735.6154    9182.5592    7720.1005 
      68     7.111346   100000    73768    28326     8719.213    9180.7242    7746.5391 
      69    7.2162731   100000    73768    28168    8730.3911    9148.6154    7761.8808 
      70    7.3201749   100000    73768    28188    8717.0349    9138.9387    7791.5917 
      71     7.421412   100000    73768    28441    8713.4799    9124.5691    7811.2938 
      72    7.5239739   100000    73768    28318    8698.5901    9128.7375    7829.4601 
      73    7.6264021   100000    73768    28462     8702.634    9105.4456    7846.6862 
      74     7.727299   100000    73768    28040    8707.5068     9091.383    7853.4396 
      75    7.8314841   100000    73767    28394    8704.3494    9079.3033    7870.2554 
      76    7.9299741   100000    73768    28095    8687.2753    9082.2407    7892.9291 
      77      8.02759   100000    73768    28248    8691.7944    9056.4686    7911.9226 
      78    8.1240389   100000    73768    28169     8689.818    9046.5482    7924.8077 
      79    8.2183712   100000    73768    28196    8692.6466    9033.7581    7933.3547 
      80    8.3139181   100000    73768    28359     8686.445     9027.128    7949.2873 
      81    8.4085901   100000    73768    28069    8673.5672    9033.6259    7962.1061 
      82     8.504534   100000    73768    28219    8664.0662    9038.8967    7971.0868 
      83    8.5983031   100000    73768    28080    8664.2846    9030.9439    7978.7121 
      84    8.6918221   100000    73768    28074    8649.6347    9043.8411    7987.7897 
      85    8.7869611   100000    73768    28477    8643.0913    9046.3387    7995.1072 
      86     8.884598   100000    73768    28095    8647.0327     9039.759    7995.7747 
      87     8.982496   100000    73768    28351    8629.3118    9050.7942    8011.3209 
      88    9.0797861   100000    73768    28329    8620.9194    9049.1959    8025.5078 
      89     9.171978   100000    73767    27987    8629.3958    9020.4006    8041.5885 
      90     9.264791   100000    73768    28392    8642.2801     8994.372    8048.2906 
      91    9.3587151   100000    73768    28096    8653.9765     8969.632     8055.486 
      92    9.4511759   100000    73768    28327     8633.762    8980.1593    8075.2805 
      93     9.547256   100000    73768    28196    8622.5493    8983.6993    8088.5596 
      94     9.638936   100000    73768    28063    8610.6885    8987.2809    8102.7692 
      95    9.7326331   100000    73768    28017    8604.2902    8988.7124    8110.9351 
      96    9.8274221   100000    73768    27886    8610.8162    8973.7682    8116.0903 
      97     9.920011   100000    73768    28040    8610.5564    8963.4665    8126.7818 
      98    10.018996   100000    73768    28022    8604.9491    8958.3895    8140.2696 
      99    10.116033   100000    73768    28307    8602.8036     8952.771    8149.1063 
     100    10.210058   100000    73768    28154    8599.6491    8953.8129    8152.7963 
     101    10.302118   100000    73768    28311    8591.6748    8940.3038    8178.2669 
     102     10.39682   100000    73768    28185    8596.2279    8929.4081    8182.3328 
     103    10.488403   100000    73767    28230    8598.9804    8922.1813    8185.4309 
     104    10.583601   100000    73768    28113    8588.4453    8930.2882    8193.1267 
     105    10.677738   100000    73768    28146    8586.0482    8925.0396    8201.9709 
     106     10.77161   100000    73768    28120    8584.9365    8906.8375    8221.8407 
     107    10.866146   100000    73768    28263    8590.7125     8885.763     8234.251 
     108     10.95896   100000    73768    28200    8583.2394    8887.8868    8243.3368 
     109    11.054801   100000    73768    28241    8577.5724    8886.9465    8252.7777 
     110     11.14951   100000    73768    28078    8574.0874    8892.4721    8252.4797 
     111    11.243176   100000    73768    28070    8587.5272    8870.2023    8254.5897 
     112    11.336516   100000    73768    28399    8586.9963    8866.7287    8258.8597 
     113    11.431246   100000    73768    28152    8572.1379    8870.3787    8277.4973 
     114      11.5252   100000    73768    28035     8553.012    8888.9098    8287.6551 
     115    11.619269   100000    73768    27979    8560.0959    8871.4627    8294.4762 
     116    11.713583   100000    73768    28024    8550.7018    8877.3172    8302.7128 
     117    11.811084   100000    73767    27973    8566.8141    8858.2725    8297.5892 
     118    11.905719   100000    73768    28162    8575.3255    8841.9249    8301.1697 
     119    12.001021   100000    73768    28279    8567.3338    8845.5438    8309.5383 
     120    12.100362   100000    73768    28094    8545.7642    8867.9706    8319.4659 
     121    12.194775   100000    73768    28058     8529.039    8877.4324    8335.0919 
     122    12.288905   100000    73768    28135    8522.8798    8869.5928    8352.1702 
     123    12.381593   100000    73768    27844    8536.9105    8833.4807    8367.2364 
     124    12.474625   100000    73768    28160    8545.3857    8822.3856    8365.6187 
     125    12.569246   100000    73768    27945    8546.3924    8812.6214    8373.8727 
     126    12.663816   100000    73768    27911    8544.9428    8817.0927    8371.5759 
     127     12.75853   100000    73768    28253    8535.2775    8833.1835    8369.9831 
     128    12.854373   100000    73768    27931    8534.2408    8828.1955    8376.5261 
     129    12.951283   100000    73768    28221    8527.5569    8821.5095     8393.238 
     130    13.049396   100000    73768    28258    8535.7576    8803.2493    8399.1971 
     131    13.144546   100000    73767    28115     8534.271    8799.6184     8405.058 
     132    13.238779   100000    73768    28003    8543.5026    8787.5618    8403.2671 
     133    13.331769   100000    73768    27990    8534.1807    8802.3605    8402.4512 
     134    13.426108   100000    73768    28197    8530.4997    8788.2607    8422.0725 
     135    13.521034   100000    73768    28194    8526.1952    8792.3019    8424.4882 
     136    13.614004   100000    73768    28230    8520.1495    8800.1858    8425.6729 
     137    13.706612   100000    73768    28116    8530.5076    8780.4664     8429.855 
     138    13.803192   100000    73768    28297    8520.7989    8788.3028    8436.5817 
     139    13.899176   100000    73768    27774    8522.0296    8787.6636    8435.3748 
     140    13.994208   100000    73768    28322    8528.8706    8775.8208    8436.9561 
     141    14.091411   100000    73768    28022    8531.4967      8770.28    8438.5577 
     142    14.185394   100000    73768    28316    8515.8714    8795.4459    8436.8298 
     143    14.282429   100000    73768    28094    8514.7655    8801.9532    8431.9813 
     144    14.374298   100000    73767    28094    8517.8332    8796.7102    8432.6228 
     145    14.466157   100000    73768    27991    8511.6937    8799.3203    8439.2219 
     146    14.559797   100000    73768    28111    8513.5638    8794.1264    8441.6107 
     147    14.651776   100000    73768    27932    8502.2693     8800.798    8451.8808 
     148    14.744292   100000    73768    28177    8497.7316    8810.4563     8449.029 
     149    14.840459   100000    73768    27975    8500.8947    8802.4153    8452.3254 
     150     14.93756   100000    73768    28177    8503.9088    8801.8515    8448.3681 
     151    15.034809   100000    73768    28195    8497.6092    8806.8389    8452.8301 
     152    15.128841   100000    73768    28075     8481.102    8830.6218     8453.808 
     153    15.221828   100000    73768    27972    8483.1166    8818.8511    8462.5568 
     154    15.313985   100000    73768    28048    8485.5158    8814.3919    8463.4173 
     155    15.407635   100000    73768    27972    8488.5204     8802.486    8470.8162 
     156    15.500128   100000    73768    28198     8483.103    8796.7395    8484.6888 
     157    15.593971   100000    73768    28055    8491.0208    8778.4704    8491.0813 
     158     15.68584   100000    73767    28285    8490.3341    8774.8821    8495.6994 
     159     15.78527   100000    73768    28108    8499.2775    8751.7573    8505.4093 
     160     15.88377   100000    73768    28165    8496.9644    8755.6292     8505.007 
     161    15.980982   100000    73768    28074    8503.4288    8751.7037    8499.2359 
     162    16.078412   100000    73768    28019    8479.1138     8775.238    8512.1742 
     163    16.178348   100000    73768    28108    8493.0467    8766.5795    8499.9333 
     164     16.27816   100000    73768    28196    8501.4922    8753.7786     8500.066 
     165    16.378667   100000    73768    27909    8515.0719    8736.5885    8496.8864 
     166    16.478098   100000    73768    28323    8517.6076     8729.441    8500.2304 
     167    16.576875   100000    73768    28149    8508.9877    8735.4851    8507.1162 
     168    16.672199   100000    73768    28262    8503.7133    8743.1518    8507.3611 
     169    16.767068   100000    73768    28255    8497.2961    8748.6395     8511.499 
     170    16.863959   100000    73768    28090    8499.7878    8737.1453    8519.2558 
     171    16.955948   100000    73768    28147    8493.7076    8738.5678    8526.9536 
     172    17.053348   100000    73767    28294    8499.2537     8730.286    8526.9163 
     173    17.147734   100000    73768    28128    8497.9579    8725.2856    8533.8603 
     174    17.248332   100000    73768    27840    8485.3189    8738.0581    8540.0464 
     175    17.347817   100000    73768    28331    8480.7399    8742.1753    8542.7977 
     176    17.440902   100000    73768    28073    8483.2846    8734.4007    8546.7551 
     177    17.534746   100000    73768    28080    8470.5927    8740.6633    8559.5303 
     178    17.627697   100000    73768    27980    8462.5948    8744.7966     8567.394 
     179    17.720961   100000    73768    27918     8466.015    8741.7362    8565.3241 
     180     17.81377   100000    73768    28171    8464.1426    8748.5444    8561.3245 
     181    17.906924   100000    73768    28073    8455.3667    8758.6508    8564.3819 
     182    18.003366   100000    73768    28290    8475.2654    8736.3147    8556.8699 
     183    18.099653   100000    73768    28233    8469.5755    8734.2836     8567.436 
     184    18.196169   100000    73768    27895    8482.8791    8713.7525    8568.0117 
     185    18.294967   100000    73768    28222    8486.4728    8705.5014    8570.8722 
     186    18.393453   100000    73767    28022    8467.3289    8727.0547    8578.0347 
     187    18.491324   100000    73768    28013    8476.9293    8713.6254    8577.0635 
     188    18.588259   100000    73768    28110    8468.8622    8709.7594    8593.0301 
     189    18.682627   100000    73768    27942    8469.9174    8713.6311    8587.5756 
     190     18.77797   100000    73768    28136    8466.5594    8724.3615    8581.8821 
     191    18.876491   100000    73768    28443    8455.4431    8738.3952    8584.5229 
     192    18.973675   100000    73768    28113    8426.1206    8770.8023    8596.0997 
     193    19.070207   100000    73768    27773    8427.8802    8764.2864    8599.9762 
     194    19.166759   100000    73768    28017    8434.0861    8754.9521    8600.0015 
     195    19.269248   100000    73768    28057    8428.2696    8750.7776    8612.9008 
     196    19.368229   100000    73768    27805    8438.2312     8733.007     8615.729 
     197    19.465777   100000    73768    28109    8444.1419     8722.794    8617.0759 
     198    19.564806   100000    73768    27708    8444.6251    8724.2912     8614.854 
     199    19.662349   100000    73768    28070    8448.4948    8715.1231    8618.2175 
     200    19.757757   100000    73767    27853    8441.1423    8724.5599    8619.8094 
     201    19.855027   100000    73768    28101    8442.8703    8714.4529    8627.3245 
     202    19.948695   100000    73768    27858    8433.2816    8717.6918    8638.4686 
     203    20.044897   100000    73768    27949    8433.5496    8715.0299    8640.7285 
     204    20.140481   100000    73768    28147    8444.0011    8700.4886    8639.5925 
     205    20.240037   100000    73768    28051     8445.175    8701.0668    8637.2534 
     206    20.337735   100000    73768    27902     8436.206    8724.5223    8627.2515 
     207    20.433136   100000    73768    28030    8433.3507    8726.0659    8629.9908 
     208    20.527946   100000    73768    28128     8423.896    8738.9043    8631.3345 
     209    20.621361   100000    73768    28052     8430.258    8720.2519    8640.4439 
     210    20.716052   100000    73768    28048    8416.8007    8735.1352    8645.7465 
     211    20.813483   100000    73768    27896    8424.0486    8727.4842    8642.5257 
     212    20.910642   100000    73768    28241    8430.5484    8713.5784    8646.6818 
     213     21.01092   100000    73768    28127    8422.5958    8720.8149    8651.3742 
     214     21.11184   100000    73767    27816    8420.8243    8712.6024    8662.2439 
     215    21.210823   100000    73768    28016    8417.1541    8725.8546    8654.4971 
     216     21.30687   100000    73768    27915    8421.4672     8716.758    8657.1241 
     217    21.404061   100000    73768    27729    8414.3533    8720.0824    8664.4704 
     218    21.500114   100000    73768    28130    8410.6794    8711.3635    8678.7002 
     219    21.599328   100000    73768    27824    8421.0115    8697.5721    8676.9935 
     220    21.698862   100000    73768    27997    8414.7658    8713.4723    8670.4619 
     221    21.797349   100000    73768    27873    8413.5522    8709.6446    8676.1099 
     222    21.896293   100000    73768    28069    8413.4486    8708.9921    8676.9178 
     223    21.993588   100000    73768    27844    8413.4477    8704.5276    8681.3837 
     224    22.094389   100000    73768    28100    8417.3041    8698.0412    8682.0855 
     225    22.192765   100000    73768    27904    8403.8427    8703.7683    8696.5505 
     226    22.291223   100000    73768    27867    8403.3893    8708.4148     8692.584 
     227    22.387986   100000    73768    28117    8401.4791    8708.6726    8695.1916 
     228    22.483061   100000    73767    27708    8419.3883    8687.9855    8689.0149 
     229     22.58007   100000    73768    28302    8402.4337    8715.0517    8687.3806 
     230    22.677924   100000    73768    27968    8407.2077    8707.6393     8687.632 
     231     22.77627   100000    73768    27995    8416.0586    8700.7825    8681.2124 
     232    22.874337   100000    73768    27977    8429.8017     8690.071    8671.3092 
     233    22.971103   100000    73768    27963    8443.2092    8670.2375    8671.0315 
     234    23.069517   100000    73768    27763    8436.5795    8677.5439    8673.6697 
     235    23.167991   100000    73768    27980      8441.38    8670.1385    8673.8743 
     236    23.267266   100000    73768    27775    8423.1839    8696.0492    8675.2578 
     237    23.367261   100000    73768    27835    8428.7796    8681.8615     8681.052 
     238    23.460734   100000    73768    28045     8417.324    8697.8856    8682.2112 
     239    23.557344   100000    73768    28301    8428.0291    8686.3667    8677.6725 
     240    23.651712   100000    73768    28253    8436.7279    8669.2197    8681.7712 
     241    23.745545   100000    73768    27984    8436.0186    8664.2149    8687.8399 
     242    23.842327   100000    73767    28047    8444.6653    8661.8742    8677.2107 
     243    23.942439   100000    73768    28009    8431.1478    8684.1688    8675.1923 
     244    24.040088   100000    73768    28042    8429.7067    8692.4179    8669.1048 
     245    24.137949   100000    73768    27858    8436.0371    8678.6586    8673.3685 
     246     24.23889   100000    73768    28113    8424.6964    8703.7447    8665.2935 
     247    24.336981   100000    73768    28124    8417.0778     8720.176    8660.2901 
     248    24.433801   100000    73768    27843    8419.3337    8717.0638    8660.0184 
     249    24.531868   100000    73768    27936    8443.6603    8702.0624    8638.5299 
     250    24.628691   100000    73768    27934    8429.4056    8718.9428    8643.0316 
     251    24.727623   100000    73768    27877    8430.7954    8722.9523    8636.9374 
     252    24.825378   100000    73768    27888    8421.4999    8730.7655    8643.0674 
     253    24.921922   100000    73768    27885    8437.3107    8713.5656    8636.5513 
     254    25.020179   100000    73768    27984     8428.774    8725.8667    8637.0551 
     255    25.119066   100000    73767    28075    8428.5282    8723.9564     8639.334 
     256    25.218357   100000    73768    27795    8422.4135    8721.9383    8650.5242 
     257    25.317668   100000    73768    27840    8416.9126    8725.9114    8654.8025 
     258    25.415152   100000    73768    28157    8412.8879    8720.8663    8665.8846 
     259    25.508845   100000    73768    28085    8409.6312     8722.076    8669.5599 
     260    25.605996   100000    73768    27722    8419.1453    8705.6014    8671.7634 
     261    25.709473   100000    73768    27938     8411.001    8713.3505    8676.2308 
     262    25.824299   100000    73768    28256     8417.771    8707.7147    8671.7116 
     263    25.934159   100000    73768    27967    8415.5497    8709.4221    8673.3362 
     264    26.048117   100000    73768    27947    8405.0756     8720.227    8678.2424 
     265     26.16042   100000    73768    27898    8415.5493    8712.6724    8670.0864 
     266    26.266807   100000    73768    27725    8420.4028    8707.5535     8667.925 
     267     26.37044   100000    73768    28234    8413.6112    8718.4216    8667.2443 
     268    26.468302   100000    73768    27888     8419.297    8707.0247    8670.1126 
     269     26.56835   100000    73767    28058     8416.874    8711.3156    8669.4562 
     270    26.667851   100000    73768    28197    8412.7623    8727.3504    8659.5889 
     271    26.767444   100000    73768    28087    8404.6991     8736.683    8662.3511 
     272    26.866296   100000    73768    27661    8402.3545    8745.9816    8656.5695 
     273    26.966528   100000    73768    27808    8414.2856    8724.7914     8659.863 
     274    27.065324   100000    73768    27964    8415.1329    8719.0875    8664.2959 
     275    27.162802   100000    73768    28099    8409.3735     8712.688    8679.3345 
     276    27.258676   100000    73768    27596    8412.4627    8713.2414    8674.1474 
     277    27.355913   100000    73768    28208    8410.2755    8708.8956     8681.774 
     278    27.451181   100000    73768    27989    8399.4914    8723.3907     8683.455 
     279    27.546813   100000    73768    28155    8391.4588     8737.567    8681.3275 
     280     27.64213   100000    73768    27955    8405.9889    8704.8882    8692.2112 
     281    27.739303   100000    73768    28073    8412.5413    8697.5582    8689.7127 
     282    27.836807   100000    73768    28112    8408.5131    8706.5884    8686.7247 
     283    27.936074   100000    73767    27949    8408.7224     8696.384    8696.6152 
     284    28.045791   100000    73768    28008    8409.9065    8703.1941     8688.029 
     285    28.151363   100000    73768    27998    8407.8392    8711.4992    8682.8248 
     286    28.257063   100000    73768    27944    8413.3858     8697.882    8688.1221 
     287    28.356922   100000    73768    28095     8412.742    8699.5656    8687.4042 
     288    28.454304   100000    73768    28084    8406.9783    8709.5506    8686.0647 
     289    28.555087   100000    73768    27790    8395.8675    8729.1808    8683.1008 
     290    28.654053   100000    73768    27975      8399.16    8724.2485    8683.0943 
     291    28.750722   100000    73768    28229    8416.0099    8709.5221    8672.5459 
     292    28.845634   100000    73768    27995    8415.6464    8706.3307    8676.2826 
     293    28.941615   100000    73768    28010    8421.4178    8689.7345    8684.2216 
     294    29.037828   100000    73768    27927     8425.456    8686.4923    8681.4065 
     295    29.131676   100000    73768    28166    8427.7293    8671.3441    8693.1447 
     296    29.227264   100000    73768    28004    8420.0031    8679.5348    8696.5434 
     297    29.321753   100000    73767    27994    8413.3479    8691.4177    8694.6432 
     298    29.414405   100000    73768    28080    8418.2523    8683.9118    8694.7926 
     299     29.50702   100000    73768    27997    8426.9909    8669.1956    8696.4009 
     300    29.601006   100000    73768    27982    8425.1713    8673.1334    8695.1924 
     301    29.695572   100000    73768    27684    8423.9215    8661.1819    8709.0187 
     302    29.790687   100000    73768    28338    8396.3578    8693.7188    8717.8273 
     303    29.884684   100000    73768    28259    8399.8633    8691.7947    8714.4932 
     304    29.977913   100000    73768    28091    8388.4384    8702.1624    8721.2628 
     305    30.073327   100000    73768    27993     8386.186     8709.739    8717.0647 
     306    30.169632   100000    73768    28154    8390.1955    8703.1065    8717.6831 
     307    30.265997   100000    73768    27995    8407.9477    8680.8236    8713.3377 
     308    30.359216   100000    73768    28127      8405.26    8681.8303    8716.3625 
     309    30.455013   100000    73768    28237    8390.2276     8718.792    8701.9495 
     310    30.548087   100000    73768    27829    8398.8624     8710.285    8697.5042 
     311    30.643996   100000    73767    28022    8382.9254    8729.4237     8702.271 
     312    30.739187   100000    73768    28065    8395.7963    8713.5796    8698.8087 
     313    30.834366   100000    73768    27931    8396.5143    8707.3198    8703.9917 
     314     30.92937   100000    73768    28005    8409.6478    8685.8258    8705.7853 
     315    31.029824   100000    73768    27854    8400.5282     8704.555    8700.7354 
     316    31.147469   100000    73768    28089    8394.3094    8710.1228     8704.496 
     317    31.258414   100000    73768    27950     8401.917    8706.6251    8696.5822 
     318    31.352469   100000    73768    27954    8409.8776    8706.3325    8684.9339 
     319    31.445065   100000    73768    27865    8415.9445    8699.2244    8682.9416 
     320    31.537825   100000    73768    27983     8406.701    8714.1135    8681.9177 
     321    31.633158   100000    73768    27935    8406.5208    8711.5509    8684.7507 
     322    31.726998   100000    73768    28233    8415.0268    8700.3858    8683.1569 
     323    31.820686   100000    73768    27853    8418.0208     8692.617    8686.4346 
     324    31.916552   100000    73768    27724    8424.8211    8681.1797    8687.6715 
     325    32.012005   100000    73767    28087    8425.1343    8677.9091    8690.4722 
     326    32.105363   100000    73768    28088    8427.6823    8672.8396    8691.7198 
     327     32.19998   100000    73768    27884    8416.5062    8695.6202    8685.7033 
     328    32.294446   100000    73768    27911    8424.2037    8688.4912     8681.286 
     329    32.388065   100000    73768    28143    8410.0482    8715.4153    8675.5952 
     330    32.483851   100000    73768    27934    8403.5796     8728.048    8672.6654 
     331    32.575919   100000    73768    27998    8402.8965    8722.8558    8678.8824 
     332     32.66951   100000    73768    28221    8410.6922    8697.2356    8692.8089 
     333    32.765849   100000    73768    28021    8408.0837     8693.055    8700.9024 
     334    32.862348   100000    73768    27791    8403.2711    8696.5382    8704.6379 
     335    32.958405   100000    73768    28052    8402.0549    8691.6185     8711.382 
     336    33.055206   100000    73768    28121    8396.5086    8699.3237    8711.9963 
     337    33.154913   100000    73768    28044    8396.8103    8695.4279    8715.4395 
     338    33.252683   100000    73768    27850    8408.5431    8681.1741    8712.0941 
     339    33.351075   100000    73767    28076    8400.2339    8689.6377    8716.0942 
     340    33.447905   100000    73768    28030    8426.5705    8656.0966    8710.1304 
     341    33.547603   100000    73768    28091    8442.2737    8636.1033    8706.5689 
     342    33.646333   100000    73768    27828    8421.9707    8660.8302    8712.2965 
     343    33.745643   100000    73768    28010    8412.2975    8675.6758    8711.9608 
     344    33.843198   100000    73768    28121    8425.0565    8644.2869    8724.2112 
     345    33.942155   100000    73768    27864    8428.1961    8632.7611    8731.0275 
     346    34.039993   100000    73768    27896    8438.1487    8624.4003    8724.4595 
     347    34.136143   100000    73768    27977    8449.6353    8612.5882    8719.0416 
     348    34.235181   100000    73768    27842     8436.299    8628.3914    8723.2429 
     349    34.330828   100000    73768    28194    8429.2893    8636.1208    8726.0281 
     350    34.423695   100000    73768    28027    8448.6181    8608.6058    8724.5498 
     351    34.517795   100000    73768    28078    8441.6141    8619.8528    8723.8089 
     352    34.614724   100000    73767    28209    8438.8404    8623.8406    8723.9816 
     353    34.711964   100000    73768    28006    8434.6096    8628.5162    8725.6522 
     354    34.818581   100000    73768    27814    8420.3931    8646.4077    8729.0854 
     355    34.919154   100000    73768    28037    8415.5777     8646.077    8736.6392 
     356    35.016244   100000    73768    28219    8415.9144    8643.9799    8738.2313 
     357    35.115904   100000    73768    27819    8422.5451    8636.6329    8735.6322 
     358    35.215096   100000    73768    27717    8420.5445    8646.8232    8728.4428 
     359    35.310924   100000    73768    27966    8416.5767    8651.3678    8729.8501 
     360    35.415934   100000    73768    27980    8408.2147    8664.6463    8729.1144 
     361     35.52315   100000    73768    27996     8409.275    8668.9392    8723.2311 
     362    35.619645   100000    73768    27916    8416.9991    8654.8461    8725.7381 
     363    35.728466   100000    73768    28057    8416.8741    8660.2004    8720.5713 
     364    35.831103   100000    73768    27962    8421.7015     8652.432    8721.0986 
     365    35.950839   100000    73768    27898    8421.8241    8658.7837    8714.5629 
     366    36.055875   100000    73767    27755    8414.3008    8666.4144    8718.2172 
     367    36.160148   100000    73768    27810    8431.5389    8652.6218    8706.1526 
     368    36.261814   100000    73768    28127    8412.6175    8673.6098    8713.5467 
     369    36.359227   100000    73768    27781    8425.3394    8668.8925    8699.1812 
     370    36.460874   100000    73768    27954    8423.0462    8683.8644    8687.6491 
     371    36.561039   100000    73768    27796    8418.3817    8694.5177    8683.9925 
     372    36.657917   100000    73768    27888    8417.1931    8695.8285    8684.4647 
     373    36.752167   100000    73768    27930    8414.5298    8695.7505    8688.5376 
     374    36.847372   100000    73768    27959    8419.1544    8681.7412      8695.61 
     375    36.940223   100000    73768    28138    8400.3399    8700.6745    8704.8984 
     376    37.036387   100000    73768    28037     8410.447    8684.1187    8706.2936 
     377    37.137879   100000    73768    27835     8422.293    8666.3438    8706.2995 
     378    37.241463   100000    73768    27977    8428.6109    8658.4501    8704.7163 
     379     37.33849   100000    73768    27961    8427.7953    8663.7867    8700.6032 
     380    37.439017   100000    73767    27849    8416.1188    8683.3568    8698.5478 
     381    37.538118   100000    73768    27853    8419.4672    8680.7745    8696.1075 
     382    37.632156   100000    73768    27765    8423.8333     8688.272    8682.0608 
     383    37.725628   100000    73768    27882    8437.1918    8678.9691     8671.326 
     384    37.823929   100000    73768    28234    8435.8341    8684.2751    8668.0566 
     385    37.933911   100000    73768    28238    8436.3567    8687.2206    8664.3271 
     386    38.033278   100000    73768    28010    8437.4303    8686.3756    8663.5618 
     387    38.132202   100000    73768    28069    8438.5279    8685.5861    8662.7049 
     388    38.228696   100000    73768    27985    8430.0445    8695.2507    8665.7654 
     389    38.322419   100000    73768    27981    8430.1753    8694.5206    8666.2992 
     390    38.417341   100000    73768    27967    8422.3559    8696.5035    8676.0455 
     391    38.510308   100000    73768    27882    8429.0557    8688.3756    8674.1236 
     392    38.603261   100000    73768    28014    8431.4215    8681.1386     8677.812 
     393    38.696086   100000    73768    28077    8438.7649    8665.9035     8682.032 
     394    38.790991   100000    73767    28120    8428.2105    8667.9053    8695.8618 
     395    38.884115   100000    73768    28027    8438.4338    8651.8249    8696.6072 
     396      38.9771   100000    73768    28355    8437.1171    8652.6922     8697.715 
     397    39.070934   100000    73768    27969    8417.6819    8680.8962    8698.6638 
     398    39.171049   100000    73768    27907    8419.5024    8686.3489    8690.4803 
     399    39.268633   100000    73768    28102    8430.0205     8671.743    8689.3091 
     400    39.364853   100000    73768    28122    8442.0519    8652.7321    8690.2729 
     401    39.458865   100000    73768    28066    8440.3014    8646.2274    8699.4033 
     402    39.556285   100000    73768    28002    8436.4637    8647.3448    8704.0424 
     403    39.652035   100000    73768    28094    8425.1608    8659.9875    8708.3541 
     404    39.746645   100000    73768    27921    8423.1177    8659.6888    8711.7174 
     405    39.840838   100000    73768    28094    8433.4744    8650.6918    8705.1793 
     406    39.937208   100000    73768    27988     8437.154    8642.9373    8707.4146 
     407    40.032766   100000    73768    27959    8443.5513    8637.3785    8703.3772 
     408    40.127313   100000    73767    28015    8436.0553     8656.032    8695.9679 
     409    40.224838   100000    73768    28252    8434.4739    8653.8418    8700.5301 
     410    40.321452   100000    73768    27931    8440.4627     8637.326    8708.0628 
     411    40.417842   100000    73768    28109    8442.3435    8642.1855     8700.382 
     412    40.517194   100000    73768    28149    8438.3931    8654.6563    8693.8369 
     413    40.615618   100000    73768    27873    8452.3391    8645.6919    8681.8823 
     414    40.711341   100000    73768    27991    8442.1484    8657.7269    8685.1333 
     415    40.809725   100000    73768    27958    8452.0731    8649.8949    8678.0783 
     416    40.903979   100000    73768    28149     8456.179    8658.3364    8663.4779 
     417    40.997425   100000    73768    27911    8458.7323    8652.4381    8665.5462 
     418    41.094537   100000    73768    28068    8451.9143     8652.125    8676.0863 
     419    41.193696   100000    73768    27856    8439.0374    8666.1878     8681.339 
     420    41.290827   100000    73768    28064    8431.5251    8673.2068    8685.5885 
     421    41.384778   100000    73768    27890    8448.5663     8650.374    8682.8593 
     422    41.477139   100000    73767    27972    8437.6042    8660.1212    8689.5552 
     423    41.571146   100000    73768    27877    8438.3228    8662.3997    8686.1989 
     424    41.665149   100000    73768    27907    8435.2079    8674.1884    8679.0826 
     425     41.75861   100000    73768    28092    8430.3929    8672.3862    8688.1072 
     426    41.854447   100000    73768    28125    8431.8754    8677.8154    8680.4544 
     427    41.949024   100000    73768    28100    8438.3123    8664.4158    8684.1986 
     428    42.042829   100000    73768    28020    8431.4064    8673.3038    8685.6695 
     429    42.138234   100000    73768    27984    8433.3046    8670.9557    8685.1702 
     430    42.233981   100000    73768    28104    8442.5581    8654.9456       8687.3 
     431    42.329687   100000    73768    28336     8433.765    8664.8562    8690.5792 
     432    42.425031   100000    73768    27869     8426.626    8668.6768     8697.467 
     433    42.519423   100000    73768    27913    8424.0524    8676.5833    8693.4209 
     434    42.614461   100000    73768    28118    8421.4996    8696.0532    8677.7803 
     435    42.712629   100000    73768    27720    8411.6793    8702.8701    8685.6938 
     436    42.808868   100000    73767    28126    8421.1214    8695.4716    8678.9291 
     437    42.906071   100000    73768    27912    8430.8742     8679.704    8680.0675 
     438    42.998837   100000    73768    28241    8434.0482    8672.3446    8682.6659 
     439      43.0932   100000    73768    28181    8438.4466    8661.8764    8686.5364 
     440    43.190996   100000    73768    27840    8420.9587    8681.3853    8693.2595 
     441    43.285529   100000    73768    27948    8424.8673    8680.3011    8688.4808 
     442    43.380597   100000    73768    28165    8408.3058    8705.2803    8688.3437 
     443    43.474637   100000    73768    28004    8410.7406    8703.8686    8686.1033 
     444    43.569342   100000    73768    27961    8403.1441    8706.7799    8694.5868 
     445    43.665413   100000    73768    27874    8411.9258     8699.826    8688.3681 
     446    43.758404   100000    73768    28011    8400.9949    8708.0121    8696.5785 
     447    43.854159   100000    73768    28074    8408.1767    8702.8077    8691.0101 
     448    43.948047   100000    73768    28050    8415.7534    8687.1381    8695.3145 
     449    44.042687   100000    73768    27901    8406.3527    8694.8868    8701.6669 
     450    44.135367   100000    73767    27805    8408.0057    8701.0489    8693.0254 
     451    44.231404   100000    73768    27735    8407.1656     8703.545    8691.7894 
     452    44.326457   100000    73768    27936    8413.8216    8698.5433    8686.8072 
     453    44.419766   100000    73768    27917    8409.8752    8689.1867    8702.0833 
     454    44.513987   100000    73768    27866    8423.8186    8671.5878    8698.7672 
     455    44.607505   100000    73768    27981    8413.6549    8684.9194    8700.6811 
     456    44.702746   100000    73768    27941    8410.2719    8691.5769     8699.098 
     457     44.79896   100000    73768    28037    8407.9055    8694.3387    8699.8859 
     458    44.892438   100000    73768    28253    8414.6073    8684.2231    8699.9488 
     459     44.98688   100000    73768    28020     8410.719    8700.3458    8689.6585 
     460     45.08363   100000    73768    28074    8415.8074    8690.9603    8691.4114 
     461    45.180527   100000    73768    28136    8406.3616      8701.88    8694.6604 
     462     45.27502   100000    73768    28047    8413.3749    8685.7971    8700.2233 
     463    45.370466   100000    73767    28002    8422.7182    8672.9848    8699.0208 
     464     45.46785   100000    73768    28057     8435.163    8660.4298    8692.9085 
     465    45.565252   100000    73768    28085    8432.6751    8660.6795    8696.3908 
     466    45.661426   100000    73768    28228    8433.3385     8650.817    8705.2581 
     467     45.75517   100000    73768    27991    8431.5559    8651.1682    8707.5808 
     468    45.849798   100000    73768    28203    8443.3217    8636.0656    8705.0347 
     469    45.943705   100000    73768    28147    8441.3237    8643.8167    8700.2806 
     470    46.038543   100000    73768    28218    8427.1483    8655.9528    8709.4077 
     471    46.132161   100000    73768    28048    8421.2644    8660.2708    8713.9153 
     472     46.22896   100000    73768    28052    8430.5135    8650.9568    8709.3557 
     473    46.322097   100000    73768    27920    8426.9977    8655.8793     8709.707 
     474    46.415092   100000    73768    28003    8418.4421    8662.3066     8716.113 
     475    46.508859   100000    73768    28047     8424.873    8663.0721    8705.7012 
     476    46.602612   100000    73768    28045    8427.5825    8671.0442    8693.6649 
     477    46.698056   100000    73767    27920    8443.2356     8651.639    8689.5905 
     478     46.79407   100000    73768    27731    8439.2569    8650.5216    8696.6759 
     479    46.888308   100000    73768    27940    8444.9623    8645.9436    8692.6957 
     480     46.98339   100000    73768    28017    8439.5661    8649.0467    8697.6869 
     481    47.081497   100000    73768    28066    8435.0182    8658.9873    8694.5682 
     482    47.177945   100000    73768    27979    8432.9008    8654.1051    8702.6264 
     483     47.27167   100000    73768    27816    8423.8042     8661.804    8708.5725 
     484    47.365885   100000    73768    27901    8424.8393    8668.5746    8700.2492 
     485    47.459099   100000    73768    27956    8420.6871    8667.0631     8707.989 
     486    47.554356   100000    73768    27780    8415.3764    8668.7619    8714.2563 
     487    47.649087   100000    73768    27885    8415.2107    8663.5404    8719.7264 
     488    47.744929   100000    73768    28106    8423.8891    8651.0547    8719.1945 
     489    47.841058   100000    73768    27830    8432.7429    8643.4258    8713.5427 
     490    47.935855   100000    73768    28131    8436.3151    8639.2106    8712.3995 
     491    48.030178   100000    73767    28122    8427.7995    8639.8755    8724.5081 
     492    48.123891   100000    73768    27831    8414.2854    8656.9963    8727.6584 
     493    48.221003   100000    73768    28278    8401.5915     8676.938    8726.7576 
     494     48.31644   100000    73768    28153    8404.4548    8669.6753    8729.7253 
     495    48.411655   100000    73768    28160    8394.6342    8677.8349    8736.2965 
     496    48.508495   100000    73768    28090    8390.8215    8681.1166     8738.734 
     497    48.603957   100000    73768    27832    8388.9664    8679.3204    8743.3128 
     498    48.699711   100000    73768    28025    8393.6279    8676.1978    8739.4431 
     499    48.797492   100000    73768    28109    8400.4776    8667.5705    8737.7959 
     500    48.892012   100000    73768    27945    8392.7274    8678.5765    8738.4153 
     501    48.986178   100000    73768    28268    8388.8409    8679.6585     8743.163 
     502    49.079171   100000    73768    27938    8397.2721    8675.8279    8734.3468 
     503    49.174779   100000    73768    28076     8397.361    8677.2288    8732.8125 
     504    49.269457   100000    73768    27846    8386.3119    8692.0189    8734.5959 
     505      49.3624   100000    73767    28080     8410.483     8651.589    8738.7693 
     506    49.455552   100000    73768    27904    8413.3817    8646.9298    8739.0805 
     507    49.548965   100000    73768    27945    8408.6445    8645.4612    8747.6549 
     508    49.643077   100000    73768    27737    8412.0681    8640.4658    8747.5149 
     509    49.737938   100000    73768    28055    8414.6453    8629.2144    8754.9005 
     510     49.83497   100000    73768    27930    8412.3911    8629.0382    8758.4579 
     511    49.930375   100000    73768    27836    8420.4617    8612.9887    8762.4016 
     512    50.024075   100000    73768    27914    8419.2539    8616.3695    8760.8324 
     513    50.118403   100000    73768    27941    8404.0128    8641.7886    8758.2749 
     514    50.214932   100000    73768    28052    8401.5039    8648.9625    8754.8645 
     515    50.308649   100000    73768    27938    8409.2409    8646.8488    8745.3725 
     516    50.401463   100000    73768    27940    8404.4821    8652.2035    8747.1562 
     517    50.494024   100000    73768    28032    8401.3944    8655.5388    8748.4524 
     518     50.58771   100000    73768    27906    8405.8056    8651.2621    8746.1122 
     519    50.680766   100000    73767    27849     8389.401    8670.5435    8751.4378 
     520    50.775318   100000    73768    27981     8394.524    8667.6159    8746.6809 
     521    50.868561   100000    73768    27869    8389.3892    8664.8159    8757.1831 
     522    50.961611   100000    73768    28048    8389.4047    8667.0731    8754.9027 
     523    51.055038   100000    73768    27784    8391.2646    8664.4393    8754.7466 
     524    51.149866   100000    73768    28047    8389.0767    8661.8917     8760.576 
     525    51.246058   100000    73768    27730    8387.5027    8667.4699    8757.3589 
     526     51.34151   100000    73768    27800    8391.5651    8660.9712    8757.7639 
     527    51.434382   100000    73768    27786    8384.2982    8669.1653    8760.4702 
     528    51.527239   100000    73768    27860    8386.6442    8678.4937    8747.6228 
     529    51.621255   100000    73768    27807    8375.5804    8701.6531    8741.0591 
     530    51.716455   100000    73768    27828    8392.5418    8683.0878    8734.1824 
     531    51.810951   100000    73768    28108    8399.7627    8676.1562    8730.2825 
     532    51.904204   100000    73768    27981    8392.9819    8678.5746    8738.0353 
     533    51.997832   100000    73767    27923    8398.2592    8676.5929    8732.1011 
     534    52.092721   100000    73768    28112    8411.3814      8661.52    8727.4907 
     535    52.189797   100000    73768    27905     8400.241    8670.9066    8734.8147 
     536    52.284957   100000    73768    27788    8412.1006     8656.622    8731.3099 
     537    52.380129   100000    73768    28232    8406.2223    8667.5105    8729.2389 
     538    52.472657   100000    73768    27865    8401.3011    8671.8222     8732.309 
     539    52.566418   100000    73768    27984    8383.0991    8692.7879    8738.6462 
     540    52.660144   100000    73768    28025    8394.1803    8687.5438    8727.2686 
     541    52.753022   100000    73768    27996    8390.2244    8690.6124    8730.1337 
     542    52.855263   100000    73768    27825    8403.1477    8673.2407    8728.1206 
     543    52.954392   100000    73768    27858    8409.9492    8663.0651    8728.0939 
     544    53.052015   100000    73768    28023    8416.2333    8657.4569     8724.276 
     545     53.16292   100000    73768    27907    8418.2943    8661.1557    8717.4857 
     546     53.26308   100000    73768    28161     8417.739    8666.9667    8712.5077 
     547    53.362443   100000    73767    27933    8397.9951      8690.76    8718.3302 
     548    53.461739   100000    73768    28057    8390.9129    8707.2688    8712.4447 
     549     53.56914   100000    73768    27763    8405.5831    8686.6987    8711.0095 
     550    53.666695   100000    73768    27834    8403.3761     8690.226    8710.7926 
     551    53.765799   100000    73768    27829    8408.3178    8672.2151     8721.391 
     552    53.866339   100000    73768    27746    8410.1811    8666.2568    8724.5543 
     553    53.966953   100000    73768    28032    8406.4325    8663.7226    8732.7115 
     554    54.064044   100000    73768    28122    8413.5157    8657.6957    8728.1136 
     555    54.167093   100000    73768    27900    8413.1701    8648.8198    8737.5078 
     556    54.264909   100000    73768    27953    8407.8122    8647.4592    8746.9053 
     557    54.363273   100000    73768    28323    8405.8671    8643.2444    8754.0377 
     558    54.460208   100000    73768    27728     8389.904    8667.7179    8753.5089 
     559    54.558589   100000    73768    28092    8385.8489     8683.133    8744.1764 
     560     54.65312   100000    73767    27816    8385.6075    8691.0581    8736.6134 
     561    54.750401   100000    73768    28129    8394.6094    8681.5996     8732.569 
     562    54.860299   100000    73768    28024      8395.38     8679.679    8733.3338 
     563    54.958418   100000    73768    28009    8398.4985    8667.9755    8740.3596 
     564    55.060871   100000    73768    27830    8398.4118    8660.8301     8747.635 
     565    55.164831   100000    73768    28081    8397.9378    8657.6536    8751.5225 
     566     55.26496   100000    73768    28075    8393.6692    8668.5584    8747.0206 
     567    55.366155   100000    73768    28044    8394.5572    8677.0309    8737.2161 
     568    55.465959   100000    73768    27962    8391.9781     8691.743    8726.3727 
     569    55.565715   100000    73768    27950    8394.4451    8696.0461    8718.3691 
     570    55.670784   100000    73768    27967    8388.5776    8698.1134     8725.103 
     571    55.769478   100000    73768    28081    8379.3881       8706.9    8730.1007 
     572    55.872221   100000    73768    28134    8387.9002    8698.8232    8725.4093 
     573    55.976958   100000    73768    28170    8394.0206    8695.6878     8719.364 
     574    56.103746   100000    73767    28111    8404.8739     8683.259     8715.513 
     575    56.209288   100000    73768    27791    8415.1206    8673.6251    8709.7768 
     576    56.308617   100000    73768    27949    8417.2589    8679.6913    8700.5031 
     577    56.406418   100000    73768    27937    8417.0664    8671.4998    8708.9834 
     578     56.50199   100000    73768    27659    8428.8074    8662.8008    8700.0709 
     579    56.596747   100000    73768    28032    8435.1656    8647.0108    8706.3237 
     580    56.694351   100000    73768    28101     8437.214    8643.1449     8707.117 
     581    56.792053   100000    73768    27726    8418.8928    8655.8489    8721.8948 
     582     56.88984   100000    73768    28193    8423.6908    8647.5283    8723.0182 
     583     56.98619   100000    73768    27855    8410.0876    8669.6018    8721.3496 
     584     57.08031   100000    73768    27908    8407.1148    8676.8064    8718.6041 
     585    57.178336   100000    73768    28119    8416.7018    8668.4176    8712.6125 
     586    57.274312   100000    73768    27827    8410.3934    8675.9903    8714.5024 
     587    57.368842   100000    73768    27841    8408.3246    8677.8125    8715.7834 
     588    57.464857   100000    73767    27959    8415.5651    8678.3353    8704.3998 
     589    57.558889   100000    73768    28183    8410.3156    8680.7359    8709.8736 
     590    57.653367   100000    73768    27824    8401.6895    8691.4982    8712.0503 
     591    57.746247   100000    73768    28182    8392.7748    8683.9535     8732.967 
     592    57.841851   100000    73768    27999    8414.3427     8662.223    8722.3458 
     593    57.934211   100000    73768    27894    8418.3603    8648.1985    8730.3439 
     594    58.027776   100000    73768    27852    8411.1095    8651.0676     8738.351 
     595     58.12039   100000    73768    27733     8428.979    8645.6982    8716.9161 
     596    58.216581   100000    73768    28227    8429.8983    8642.9144    8718.3209 
     597    58.309566   100000    73768    27861    8429.5384    8645.7819    8715.9933 
     598    58.403186   100000    73768    27914     8426.607    8655.0546    8711.1177 
     599    58.499551   100000    73768    28145    8436.3652    8637.1089    8714.4261 
     600    58.594021   100000    73768    28144    8423.0712    8654.7654    8716.7106 
     601    58.689724   100000    73768    27964    8427.1935    8647.6977    8717.5948 
     602    58.784723   100000    73767    27690    8413.3535    8657.2025      8728.85 
     603    58.880335   100000    73768    28234     8410.796    8657.1545    8732.7343 
     604    58.974626   100000    73768    27805    8408.7365    8656.1905    8736.7875 
     605    59.070724   100000    73768    27966     8416.935    8646.3197    8734.3606 
     606    59.168335   100000    73768    28105    8416.6976     8640.617    8740.4193 
     607    59.262505   100000    73768    27809    8411.7561    8643.4292    8745.0195 
     608    59.356794   100000    73768    28252    8416.9653    8627.2345    8753.4003 
     609    59.449966   100000    73768    27991    8428.5655    8621.1881    8742.0464 
     610     59.54584   100000    73768    27964    8422.6043    8633.9866    8738.1898 
     611    59.642414   100000    73768    28197    8422.4915    8638.3616     8733.984 
     612    59.737199   100000    73768    27984    8420.0193    8639.3011    8736.7528 
     613     59.83364   100000    73768    28005    8420.8533    8645.7038     8729.099 
     614    59.927869   100000    73768    27864    8422.8836    8641.4115    8730.3458 
     615    60.024593   100000    73768    28195    8418.8755    8651.0192    8726.7504 
     616    60.116798   100000    73767    27925    8419.3382    8661.7378    8715.3377 
     617    60.212513   100000    73768    28223    8414.4283    8669.1866    8715.2538 
     618    60.306695   100000    73768    27875    8426.6436    8654.5557    8711.5618 
     619    60.399024   100000    73768    28155    8423.9573    8664.9673    8705.1795 
     620    60.492634   100000    73768    27996      8401.06    8690.9455    8713.5474 
     621    60.585799   100000    73768    27958    8394.1677    8702.8605    8711.9707 
     622     60.67947   100000    73768    27889    8407.7326    8689.0917    8705.3923 
     623    60.775462   100000    73768    27914    8409.1103    8693.7092    8698.7081 
     624    60.871862   100000    73768    27893    8395.4229    8716.8531    8696.0953 
     625    60.966776   100000    73768    28117    8400.2659    8705.4571    8700.2269 
     626    61.065199   100000    73768    27932    8396.1471    8699.2389    8712.6232 
     627    61.165076   100000    73768    27877    8389.3929    8691.4383    8730.5552 
     628    61.276004   100000    73768    28070    8400.5801     8677.141    8728.0716 
     629    61.368855   100000    73768    27870    8404.3501    8677.1846    8722.3731 
     630    61.462128   100000    73767    28034    8408.4628    8674.9527    8718.4358 
     631    61.555596   100000    73768    27932    8401.4467    8690.9568    8712.9559 
     632    61.648784   100000    73768    28027    8400.8462    8688.6959    8716.1176 
     633    61.744358   100000    73768    28018    8412.6288    8671.0598    8716.0798 
     634    61.840175   100000    73768    28345    8420.0855    8661.9089    8714.0456 
     635    61.935262   100000    73768    27981    8413.8468    8678.0465    8707.2661 
     636    62.030417   100000    73768    28049    8421.6941    8664.2032    8709.3385 
     637    62.123362   100000    73768    27882    8424.7807    8669.6032    8699.3085 
     638    62.219294   100000    73768    27823    8417.1361    8672.3307     8708.048 
     639    62.312411   100000    73768    28170    8428.8898    8658.3076    8704.4406 
     640    62.408073   100000    73768    28093     8411.886    8678.4461    8709.8078 
     641    62.500093   100000    73768    27965    8422.2571    8658.0964    8714.6007 
     642    62.594255   100000    73768    28262     8428.011    8661.6461    8702.4202 
     643    62.687837   100000    73768    27822    8441.5439    8649.1748    8694.5923 
     644    62.782309   100000    73767    27822     8439.694    8652.6348    8693.9071 
     645    62.875693   100000    73768    27873     8433.286    8657.3305    8698.8233 
     646    62.971459   100000    73768    27859    8429.2603    8666.3908    8695.8016 
     647    63.066077   100000    73768    28154    8434.9435     8647.786    8705.8815 
     648    63.160095   100000    73768    28165    8441.3562    8646.1898    8697.8588 
     649    63.254049   100000    73768    28037    8444.2812    8644.3488    8695.3123 
     650    63.347091   100000    73768    27953    8446.8405    8642.0184    8693.8036 
     651    63.440901   100000    73768    28011     8456.108    8633.5943    8688.3265 
     652    63.534599   100000    73768    28128    8437.7583    8657.2982    8692.1471 
     653    63.628547   100000    73768    27822    8434.4741    8660.9206     8693.451 
     654    63.721521   100000    73768    27954     8422.914     8676.717    8694.9947 
     655    63.817133   100000    73768    28051    8428.9558    8668.6836    8693.9655 
     656    63.909178   100000    73768    28111    8433.2575    8666.9037    8689.2929 
     657    64.003078   100000    73768    28147    8421.0695    8674.2428    8700.2358 
     658    64.095502   100000    73767    27812    8411.8212    8681.8115    8706.5395 
     659    64.190439   100000    73768    27772    8409.7736    8672.2879    8719.1345 
     660    64.284336   100000    73768    28009    8411.4448    8674.8744    8714.0412 
     661     64.37671   100000    73768    28061    8415.4152    8669.7063    8713.2536 
     662    64.470016   100000    73768    27842    8417.9608    8659.9267    8719.2149 
     663    64.563889   100000    73768    27834    8418.0451     8668.412    8710.6031 
     664    64.657902   100000    73768    27880    8422.4985    8662.3309    8710.0041 
     665    64.751307   100000    73768    28064    8414.8709    8670.5656    8713.2109 
     666    64.847783   100000    73768    27911    8406.2341    8678.0463    8718.6854 
     667    64.943053   100000    73768    27802    8412.6441    8672.0471    8715.0695 
     668    65.037919   100000    73768    28033    8403.8814    8686.1671    8714.0936 
     669    65.133546   100000    73768    27870    8387.8386    8705.1444    8719.1805 
     670    65.227986   100000    73768    27802     8387.555    8712.2314     8712.519 
     671    65.322825   100000    73767    28181    8384.3842    8709.5032    8720.0033 
     672     65.41621   100000    73768    28071    8395.3905    8693.8386    8719.1585 
     673    65.509146   100000    73768    27924    8401.0293    8689.1163    8715.4226 
     674    65.602009   100000    73768    27987    8406.3389    8678.6048    8717.9696 
     675     65.69594   100000    73768    27825     8408.207    8673.5238    8720.2484 
     676    65.790344   100000    73768    28012    8411.4599    8677.9128    8710.9802 
     677    65.883954   100000    73768    27906     8410.079    8685.3495    8705.6148 
     678     65.97937   100000    73768    28059    8419.6447    8674.0578     8702.558 
     679    66.073228   100000    73768    27820    8418.1847    8688.0315    8690.7743 
     680    66.168574   100000    73768    27947    8417.3394     8689.535    8690.5387 
     681    66.264122   100000    73768    27831    8407.5491    8698.7832     8695.976 
     682     66.35777   100000    73768    27797    8414.5948     8687.504    8696.6865 
     683    66.451426   100000    73768    27988    8407.5632    8697.9244    8696.8136 
     684    66.545269   100000    73768    28084    8404.1328    8706.3951    8693.4884 
     685    66.637946   100000    73767    27908    8401.3569      8714.72    8689.3275 
     686    66.730966   100000    73768    27896    8408.6647    8705.9708     8687.115 
     687    66.824831   100000    73768    27896    8409.4408     8707.423    8684.4985 
     688    66.917525   100000    73768    28005    8411.5415    8703.7955     8684.975 
     689    67.011588   100000    73768    28095    8406.8171     8703.257    8692.6002 
     690    67.104648   100000    73768    28020    8398.7853    8712.8888     8695.016 
     691    67.198447   100000    73768    27872     8413.461    8700.2402    8685.6511 
     692    67.291561   100000    73768    27938    8393.8159    8720.7876    8694.5713 
     693    67.384569   100000    73768    28111    8412.5697    8699.9807    8687.2475 
     694    67.480107   100000    73768    27984    8415.7662    8699.3265     8683.107 
     695    67.576793   100000    73768    28167    8424.5822    8680.2363    8688.9732 
     696    67.675639   100000    73768    27996    8431.7744    8671.1991    8687.2222 
     697    67.775093   100000    73768    27956    8436.0962    8666.7852    8685.1533 
     698    67.869321   100000    73768    27895     8434.758    8671.0997    8682.8461 
     699    67.963661   100000    73767    28114    8436.2899     8677.887     8673.761 
     700    68.056301   100000    73768    27975    8424.3575    8695.4547    8674.0918 
     701    68.151429   100000    73768    28044    8419.3212    8693.2697    8683.8313 
     702    68.247476   100000    73768    28014    8422.2384    8691.8858    8680.8395 
     703    68.341212   100000    73768    28053    8423.1898    8692.0779    8679.2202 
     704    68.438154   100000    73768    28175    8430.2433    8690.3089    8670.4089 
     705    68.538047   100000    73768    27785    8424.9281    8686.7835    8681.9071 
     706    68.638726   100000    73768    28023     8441.168    8665.7622    8678.5687 
     707    68.738724   100000    73768    27889     8430.163      8682.87    8677.9684 
     708    68.835437   100000    73768    27938    8438.7581    8666.0437    8681.9019 
     709    68.932041   100000    73768    28118    8431.5285    8680.7662    8678.0239 
     710     69.02697   100000    73768    27789    8429.4791    8683.8649    8677.9992 
     711    69.122003   100000    73768    28147    8433.3937    8674.4618    8681.5305 
     712    69.218166   100000    73768    28021    8428.4955     8680.179    8683.1606 
     713    69.313068   100000    73767    28305    8426.4584    8681.1264    8685.2688 
     714    69.405636   100000    73768    28143    8415.8895    8693.1379    8689.1106 
     715    69.498785   100000    73768    27882    8421.3655    8690.2088    8683.8257 
     716    69.592697   100000    73768    27984    8431.7867    8679.1628    8679.2399 
     717    69.687879   100000    73768    27921    8430.1935    8668.6587    8692.1337 
     718    69.785538   100000    73768    28178    8430.6127    8666.9479    8693.2157 
     719    69.880478   100000    73768    27992     8433.113    8666.1813    8690.2321 
     720    69.973878   100000    73768    28215    8418.8573    8670.0124    8707.7844 
     721    70.066662   100000    73768    27831    8416.3943    8678.2752    8703.2161 
     722    70.160403   100000    73768    27934    8413.9723    8674.2972    8710.8272 
     723    70.253873   100000    73768    27876    8403.4427    8699.0222    8701.8966 
     724    70.350226   100000    73768    28349    8410.7013    8686.8802    8703.1507 
     725    70.446209   100000    73768    27846    8403.8599    8700.7581    8699.5348 
     726    70.539666   100000    73768    27707    8393.4653    8720.1928     8695.692 
     727    70.636529   100000    73767    28257    8401.2374    8702.0396    8702.1871 
     728    70.732012   100000    73768    27917    8393.4167    8712.1298    8703.8279 
     729    70.827657   100000    73768    27999    8392.4897    8720.2071    8697.1412 
     730    70.921505   100000    73768    27818    8407.0271    8700.6479    8694.8942 
     731    71.017137   100000    73768    28018    8404.1659    8711.1093    8688.7247 
     732    71.115683   100000    73768    27892    8420.6137    8684.1474    8691.0149 
     733    71.212664   100000    73768    28137    8430.7133    8670.9771    8689.0359 
     734    71.311379   100000    73768    28054    8418.0574    8692.2268    8686.7699 
     735    71.406328   100000    73768    27941    8407.3029    8704.2201    8690.9082 
     736    71.500335   100000    73768    28123    8415.1247    8689.3462    8694.0495 
     737    71.593208   100000    73768    27950    8426.8391    8670.2526    8695.5715 
     738    71.687182   100000    73768    28131    8428.3091    8667.0612    8696.5579 
     739    71.784735   100000    73768    27908    8437.1333    8654.3753    8696.0074 
     740    71.879713   100000    73768    27989    8433.1223    8657.8234     8698.576 
     741    71.976188   100000    73767    27962    8423.5795    8662.1012    8708.6124 
     742    72.072921   100000    73768    28120    8402.2962    8686.7479    8715.8906 
     743    72.168134   100000    73768    27895    8388.6808    8697.0605    8726.0012 
     744    72.266021   100000    73768    27931    8397.3988    8691.6975     8718.287 
     745    72.362499   100000    73768    27934    8394.6379     8689.816      8724.31 
     746    72.459218   100000    73768    27890    8399.0832    8683.6356    8723.8225 
     747    72.554115   100000    73768    27932     8401.266     8681.081    8723.1028 
     748    72.652426   100000    73768    27719     8387.864    8695.2571    8729.0297 
     749    72.749519   100000    73768    27783    8395.4144    8690.0122    8722.9489 
     750     72.84874   100000    73768    27824    8393.8864     8678.728    8736.5251 
     751     72.94687   100000    73768    28042    8402.6651    8658.5958    8743.4894 
     752    73.045769   100000    73768    27800    8408.9414    8642.0709    8750.5998 
     753     73.14293   100000    73768    28115    8401.2604    8653.0827    8751.1095 
     754    73.242423   100000    73768    28001    8407.5121    8645.7485    8749.0661 
     755    73.340851   100000    73767    27927    8384.0603    8672.9642    8757.0282 
     756    73.440617   100000    73768    28150    8386.2069    8674.4528    8752.3197 
     757    73.537748   100000    73768    28210    8378.5217    8689.8637    8748.4366 
     758    73.632668   100000    73768    27766     8371.459    8695.9646    8752.9296 
     759    73.726043   100000    73768    27978    8373.1932    8697.5683    8748.7248 
     760    73.822634   100000    73768    27915    8363.0596    8705.7742    8755.7192 
     761    73.919009   100000    73768    27895    8371.7515    8701.5147    8746.9409 
     762    74.014141   100000    73768    28111    8393.2233    8679.8695    8736.3784 
     763    74.110858   100000    73768    28172    8390.4216    8681.6915     8738.759 
     764    74.208356   100000    73768    27822    8399.3431    8673.7618    8733.3064 
     765    74.310795   100000    73768    27848    8404.5025    8668.5171    8730.8119 
     766    74.411426   100000    73768    27984    8404.4972    8671.2516    8728.0854 
     767     74.50981   100000    73768    28305    8415.0225    8661.6747    8721.8744 
     768    74.604724   100000    73767    27709    8427.0381    8646.4723    8719.0533 
     769    74.700251   100000    73768    28254     8427.918    8651.5957      8712.61 
     770    74.797589   100000    73768    27946    8427.9431    8649.8592    8714.3089 
     771    74.895174   100000    73768    28049     8424.891    8648.0021    8720.7442 
     772      74.9909   100000    73768    27988    8406.0163     8672.454    8724.6044 
     773    75.086041   100000    73768    27992    8416.4199    8656.7327    8724.7203 
     774    75.181923   100000    73768    28253    8416.6215    8660.1134    8721.0372 
     775    75.276629   100000    73768    27767    8415.5139      8660.12    8722.6918 
     776    75.369703   100000    73768    27971    8416.5053    8662.6876    8718.6373 
     777    75.463008   100000    73768    28262    8399.1982    8690.1827    8717.1028 
     778    75.557254   100000    73768    27916     8407.275     8677.223    8717.9473 
     779    75.650694   100000    73768    27879    8385.1948    8706.4979    8721.7927 
     780    75.743978   100000    73768    28073    8387.1476    8701.2621    8724.0992 
     781    75.838465   100000    73768    28179    8390.8681    8702.8007      8716.98 
     782    75.931883   100000    73767    28227    8406.9976     8683.696    8711.8904 
     783    76.029785   100000    73768    28062    8410.4406    8682.3378    8708.0841 
     784    76.130778   100000    73768    28105    8412.7331    8674.5712    8712.4119 
     785    76.227878   100000    73768    28179    8415.8759    8671.2988    8710.9702 
     786    76.321419   100000    73768    28082    8402.2217    8695.1496    8707.6007 
     787    76.414867   100000    73768    28011    8397.6364    8693.1652    8716.4631 
     788    76.508371   100000    73768    28197    8398.5803    8691.0246    8717.1877 
     789    76.603378   100000    73768    27880    8385.7491    8707.9865    8719.4726 
     790    76.696319   100000    73768    27652    8392.3985    8692.2077    8725.2773 
     791    76.791016   100000    73768    27923    8401.6353    8681.5723    8722.0575 
     792    76.886373   100000    73768    27933     8405.588    8682.0381    8715.6627 
     793    76.978167   100000    73768    27695    8396.6198    8695.3345    8715.8185 
     794    77.072748   100000    73768    27922    8389.9275    8702.6157    8718.5758 
     795    77.166944   100000    73768    27808    8405.1549    8685.3359    8713.0146 
     796     77.26204   100000    73767    27998    8400.4231    8695.3381    8710.1101 
     797    77.354941   100000    73768    28152    8407.4918    8694.8987    8699.9463 
     798    77.448787   100000    73768    28057    8407.1173    8700.8566    8694.5502 
     799    77.542563   100000    73768    28054    8405.6444    8703.7385    8693.8777 
     800    77.634932   100000    73768    27919     8409.101    8699.2372    8693.1941 
     801    77.729871   100000    73768    27962    8404.2375    8699.1749    8700.5517 
     802    77.825202   100000    73768    28048    8397.5055    8704.4766     8705.348 
     803    77.919988   100000    73768    28197    8411.7532    8685.3587    8703.0943 
     804    78.012815   100000    73768    27806    8416.2288    8689.6385     8692.101 
     805    78.107396   100000    73768    27985    8416.5766    8682.4202    8698.7977 
     806    78.204925   100000    73768    27964    8421.1105    8673.9972    8700.4199 
     807    78.299795   100000    73768    28136    8419.4689    8677.6171    8699.2624 
     808    78.392171   100000    73768    28151    8421.5652    8669.3665    8704.3685 
     809    78.487007   100000    73768    27956    8418.0603    8671.1272    8707.8652 
     810    78.580548   100000    73767    28293    8407.2985    8687.9633    8707.1718 
     811    78.674563   100000    73768    27968    8423.1941    8666.0841    8705.2075 
     812    78.770249   100000    73768    27964    8419.2623    8676.1001    8701.0893 
     813     78.86517   100000    73768    28042    8404.1376    8697.5034     8702.373 
     814    78.958538   100000    73768    27746    8413.4718    8686.6456    8699.2295 
     815    79.052638   100000    73768    28091    8410.7099    8685.7903    8704.2277 
     816    79.146481   100000    73768    28011    8388.7089    8724.4268    8698.5927 
     817    79.242679   100000    73768    28140    8388.7423    8717.2824    8705.6869 
     818     79.33705   100000    73768    27843    8389.7156    8719.9666    8701.5429 
     819    79.434901   100000    73768    28137    8399.3151    8710.1147    8696.9954 
     820    79.531078   100000    73768    27885    8399.3314    8711.0711    8696.0146 
     821    79.628283   100000    73768    28111    8397.1679    8712.6525    8697.6784 
     822    79.724376   100000    73768    28223    8406.3879    8701.8825    8694.6184 
     823     79.82058   100000    73768    27759    8412.5724    8686.3437    8700.8805 
     824    79.915074   100000    73767    28101    8420.1565    8685.7857    8690.0624 
     825    80.010231   100000    73768    27754     8427.595    8668.2996    8696.3907 
     826    80.108191   100000    73768    27974    8415.1879    8683.4684    8699.8326 
     827     80.20726   100000    73768    27863    8423.7404     8670.879    8699.5932 
     828    80.301458   100000    73768    28146    8423.4164    8671.9082      8699.05 
     829    80.397138   100000    73768    28066    8424.8831    8677.4574    8691.3007 
     830     80.49341   100000    73768    27735    8420.8818     8682.938    8691.8221 
     831     80.58867   100000    73768    27995    8414.1951    8694.0215    8690.7686 
     832    80.684155   100000    73768    27893    8410.9849    8701.9369    8687.6686 
     833    80.778348   100000    73768    27801     8403.287    8716.7079    8684.4443 
     834    80.872708   100000    73768    27959    8405.8404    8711.3479    8685.9744 
     835    80.966988   100000    73768    28063    8407.1744    8709.4453    8685.8759 
     836    81.060493   100000    73768    27874    8395.4789    8714.5244    8698.3401 
     837    81.154066   100000    73768    27850    8391.1006    8716.8578    8702.5742 
     838    81.250023   100000    73767    27803    8390.0973    8715.1447    8705.7921 
     839    81.346261   100000    73768    28189    8374.0883    8737.7321    8707.2182 
     840    81.443898   100000    73768    27858    8360.5275    8756.1005     8709.191 
     841    81.540887   100000    73768    27804    8363.1576    8744.9826    8716.3638 
     842    81.637618   100000    73768    27947    8371.7378    8740.7978    8707.6782 
     843    81.730335   100000    73768    27984    8382.2986    8729.7056    8702.9293 
     844    81.825171   100000    73768    28083    8394.4893    8712.1132    8702.2355 
     845    81.918423   100000    73768    27597     8395.954    8695.8505    8716.3013 
     846    82.012341   100000    73768    27758    8399.4953    8685.9102    8720.9296 
     847    82.105565   100000    73768    27967    8405.7297    8676.1858    8721.3025 
     848    82.201093   100000    73768    27842    8408.2089    8662.2955    8731.4739 
     849     82.29592   100000    73768    27759    8389.0948    8684.0266    8738.4139 
     850     82.39072   100000    73768    27891    8373.5685    8702.4229    8743.3072 
     851    82.486429   100000    73768    27804    8383.0335    8691.8927    8739.6398 
     852     82.58516   100000    73767    27781    8383.6079    8686.1235    8744.5475 
     853    82.679727   100000    73768    27922    8384.1855     8686.113    8743.6915 
     854    82.775646   100000    73768    27989    8384.2372    8686.6512    8743.0758 
     855    82.873075   100000    73768    28041    8383.9809    8693.6674     8736.444 
     856    82.969753   100000    73768    28087    8387.2271    8686.1287    8739.1135 
     857    83.067021   100000    73768    27862    8381.9772    8697.2925    8735.8246 
     858    83.165147   100000    73768    27802    8395.0256    8683.0634     8730.481 
     859    83.262521   100000    73768    27798    8395.2272    8676.0816    8737.1604 
     860    83.359091   100000    73768    27853    8413.1695    8649.8853    8736.4433 
     861    83.455545   100000    73768    28140    8400.1954    8672.3349    8733.4549 
     862    83.551011   100000    73768    27727    8386.6699    8692.5971    8733.4809 
     863    83.646171   100000    73768    27876    8390.3266    8696.1054    8724.4875 
     864    83.741032   100000    73768    27892    8394.5032    8688.5918    8725.7362 
     865    83.840358   100000    73768    28046    8399.2648    8696.1562    8711.0294 
     866    83.935628   100000    73767    27948    8412.5411    8692.2755    8694.9957 
     867    84.031257   100000    73768    28100    8412.6406    8693.1172    8694.0046 
     868    84.128536   100000    73768    27719    8430.8218     8670.309     8689.541 
     869    84.229423   100000    73768    27943    8420.3442    8676.4135    8699.1529 
     870    84.324983   100000    73768    27965    8416.9435    8683.6935    8696.9741 
     871    84.417603   100000    73768    28037    8417.7466    8673.6281    8705.8348 
     872    84.512949   100000    73768    27907    8416.8191    8679.7807    8701.0735 
     873    84.613117   100000    73768    27909    8392.9122     8706.378    8710.3365 
     874    84.711085   100000    73768    28166    8391.6234     8712.243    8706.4047 
     875    84.808749   100000    73768    27858    8387.6282    8719.3093    8705.3311 
     876    84.906011   100000    73768    27947    8389.7727    8715.8513    8705.5725 
     877    85.003454   100000    73768    28124    8398.6565    8714.4085    8693.6895 
     878    85.100824   100000    73768    28044     8409.195    8706.1684    8686.1219 
     879    85.197748   100000    73767    27981    8401.9827    8712.6945    8690.4141 
     880    85.294066   100000    73768    27932    8411.9291    8700.8027    8687.3865 
     881    85.390192   100000    73768    27798    8424.8104    8687.2211    8681.6461 
     882    85.485835   100000    73768    27882    8415.7328    8704.1464    8678.3372 
     883    85.585877   100000    73768    28095    8410.0223    8711.7032    8679.3461 
     884    85.683702   100000    73768    27832    8400.0214    8725.8493    8680.2014 
     885    85.782496   100000    73768    27903      8407.42    8729.2925    8665.6604 
     886    85.881312   100000    73768    28022    8419.9546    8714.1641    8661.9868 
     887    85.979468   100000    73768    28030    8419.4944    8709.3443    8667.4969 
     888    86.076595   100000    73768    28141    8416.3065    8709.5605    8672.0625 
     889    86.170812   100000    73768    27870    8411.1776    8712.4388    8676.8777 
     890     86.26555   100000    73768    27975    8403.8414    8730.4348    8669.8859 
     891     86.35847   100000    73768    27959     8403.173    8731.7112    8669.6122 
     892     86.50767   100000    73768    27932    8399.7518    8729.7903    8676.6648 
     893    86.610066   100000    73767    27900    8395.6498    8739.7181      8672.89 
     894    86.710002   100000    73768    28002    8396.5849    8737.3221    8673.8833 
     895    86.810512   100000    73768    27788    8400.8494    8730.6002    8674.2085 
     896    86.909984   100000    73768    27903     8413.586    8704.2997     8681.404 
     897    87.010439   100000    73768    28041    8435.2559    8676.5925    8676.6065 
     898    87.118786   100000    73768    28135    8427.2948    8671.8176    8693.3231 
     899     87.22813   100000    73768    28126    8421.7328    8674.1956    8699.2879 
     900     87.32676   100000    73768    28085    8438.2325    8654.6099    8694.1242 
     901    87.425997   100000    73768    27961    8443.4083    8648.9618    8692.0086 
     902    87.525929   100000    73768    28001    8445.5018     8651.656     8686.174 
     903    87.623961   100000    73768    27964    8436.2639    8660.9619    8690.7251 
     904    87.729721   100000    73768    28138    8432.5366    8664.2127    8693.0653 
     905    87.829264   100000    73768    27875    8436.1241    8659.2649    8692.6317 
     906    87.930877   100000    73768    28195    8418.0079    8673.4944    8705.5765 
     907    88.030199   100000    73767    28086    8407.2566    8680.3789    8714.8189 
     908    88.135898   100000    73768    27778    8419.3931     8674.972    8702.0212 
     909    88.241268   100000    73768    28066    8422.4266     8665.422    8707.0209 
     910    88.336215   100000    73768    27865    8426.4608    8654.7207    8711.6709 
     911    88.430157   100000    73768    28091    8437.4501    8637.9182    8711.9895 
     912    88.529599   100000    73768    27947    8436.6423    8641.4305    8709.6889 
     913    88.632111   100000    73768    28092    8439.8756    8631.3843    8714.8851 
     914    88.736752   100000    73768    28021    8446.8055    8628.1736    8707.7009 
     915    88.841914   100000    73768    27953    8454.2955    8620.3869    8704.2527 
     916    88.941191   100000    73768    28085    8435.8835    8640.6419    8711.6157 
     917    89.042249   100000    73768    28094    8419.6232    8671.0648    8705.5833 
     918    89.151404   100000    73768    27919    8427.3336     8661.879    8703.2034 
     919    89.250959   100000    73768    28182    8415.6737    8676.8628    8705.7095 
     920    89.349555   100000    73768    28033    8410.3907    8685.2583    8705.2385 
     921    89.448086   100000    73767    27862    8403.5153    8691.8209    8708.9889 
     922    89.548552   100000    73768    28058    8415.7694    8675.7063    8706.7225 
     923      89.6513   100000    73768    28055    8415.0381     8676.318    8707.2076 
     924    89.752355   100000    73768    28127    8393.4831    8706.8004    8709.0578 
     925     89.85099   100000    73768    27985    8407.2102    8693.4395     8701.828 
     926    89.951212   100000    73768    28055    8411.9118    8682.9245    8705.2907 
     927     90.05045   100000    73768    28049    8408.6913    8673.5849     8719.461 
     928    90.146955   100000    73768    28188    8418.2162    8651.0615    8727.6971 
     929    90.244602   100000    73768    27984    8406.2854     8670.775    8725.8797 
     930    90.339337   100000    73768    28079    8412.7999    8664.6492    8722.2337 
     931    90.432898   100000    73768    28105    8404.1166    8673.8506    8726.0573 
     932    90.530075   100000    73768    27813    8402.1999    8673.0781     8729.705 
     933    90.627878   100000    73768    27885    8407.4194    8659.1648     8735.789 
     934    90.721746   100000    73768    27913    8400.9231    8657.0958    8747.6024 
     935    90.817781   100000    73767    27735    8412.2134    8640.6519    8747.1108 
     936    90.912262   100000    73768    28178    8420.2189    8648.1836    8727.5708 
     937    91.007737   100000    73768    28135    8414.4349    8656.2225    8728.2079 
     938    91.135795   100000    73768    27948    8405.6684    8656.7509    8740.8293 
     939    91.235094   100000    73768    28090     8400.192    8658.4082    8747.3865 
     940     91.33411   100000    73768    27917    8393.2922    8661.0949    8755.0496 
     941    91.431099   100000    73768    27862    8392.0556    8658.9973    8759.0021 
     942    91.533181   100000    73768    28070    8392.4359    8656.5101    8760.9188 
     943    91.635905   100000    73768    27904    8405.2939    8649.7068    8748.4351 
     944    91.731934   100000    73768    27998    8408.7253    8641.1798     8751.815 
     945    91.828381   100000    73768    27763    8403.1347    8644.3256    8757.0551 
     946    91.926937   100000    73768    27889    8398.2261     8650.022    8758.7217 
     947    92.028625   100000    73768    27828    8398.8764    8643.6181    8764.1501 
     948    92.132309   100000    73768    28094    8393.7286    8649.7719     8765.718 
     949    92.253097   100000    73767    27992    8404.2366    8646.0665    8753.6615 
     950    92.359745   100000    73768    28008     8385.765    8661.2868    8766.1485 
     951    92.458726   100000    73768    27785    8379.7489    8655.0782    8781.3812 
     952    92.557644   100000    73768    27753    8379.4436    8655.1187    8781.7986 
     953    92.656807   100000    73768    28080    8383.0972    8655.2592    8776.1778 
     954    92.752646   100000    73768    28225     8383.888    8658.0597    8772.1911 
     955     92.84797   100000    73768    27796    8390.8766    8649.2531    8770.5148 
     956    92.941372   100000    73768    27911    8389.6237     8657.681    8763.9662 
     957    93.035859   100000    73768    28142    8398.2577    8647.2618    8761.4344 
     958    93.131863   100000    73768    28117    8399.3303    8643.4985    8763.5889 
     959    93.227402   100000    73768    27966    8400.4174    8634.5305    8770.9261 
     960    93.324257   100000    73768    27795    8390.5911    8657.9694    8762.2268 
     961    93.418712   100000    73768    28070    8398.1998    8658.7585    8750.0246 
     962    93.520584   100000    73768    27884    8406.0939    8654.2529    8742.6891 
     963    93.621749   100000    73767    28086      8418.22    8649.4146    8729.3382 
     964    93.719862   100000    73768    28047    8413.4752     8639.471     8746.399 
     965    93.818718   100000    73768    28002    8404.4875    8646.7951    8752.5565 
     966    93.912953   100000    73768    28043    8411.2808    8637.0297    8752.1319 
     967    94.007368   100000    73768    27861    8411.9458    8646.6116    8741.5524 
     968    94.101424   100000    73768    27933    8417.6034    8635.6532    8744.0245 
     969    94.198187   100000    73768    27991    8413.0336     8640.887    8745.6454 
     970    94.293481   100000    73768    28032    8408.4736    8649.9804     8743.392 
     971    94.386632   100000    73768    27795    8398.5753    8664.5216    8743.6983 
     972    94.480066   100000    73768    27932    8403.5262     8664.544    8736.2496 
     973    94.573944   100000    73768    27875    8396.1275    8673.4272    8738.4643 
     974    94.666911   100000    73768    27970    8405.8055    8660.1323    8737.2423 
     975    94.762552   100000    73768    28063    8398.8185    8665.3824    8742.4725 
     976    94.860447   100000    73767    27958    8407.1463    8657.4279    8737.9355 
     977     94.95725   100000    73768    27936    8419.7966    8640.2858    8736.1021 
     978    95.056659   100000    73768    27957    8419.1428    8643.9128    8733.4557 
     979    95.153986   100000    73768    28184    8412.6726    8654.2051    8732.8687 
     980    95.258348   100000    73768    28031    8412.4297    8653.0254    8734.4129 
     981     95.35536   100000    73768    27874    8408.6946    8649.1499     8743.891 
     982     95.45184   100000    73768    27970    8402.8113    8665.7856    8736.0803 
     983    95.549395   100000    73768    27825    8402.8585    8660.3519    8741.4431 
     984    95.645641   100000    73768    27853    8404.9262    8655.1315     8743.562 
     985    95.747997   100000    73768    27961    8394.6844    8677.4446    8736.6115 
     986    95.858378   100000    73768    28111    8395.0159    8674.1189      8739.44 
     987    95.962977   100000    73768    28039     8392.552    8676.1066    8741.1482 
     988    96.068607   100000    73768    28178    8400.4193    8665.4868     8739.967 
     989    96.166673   100000    73768    27893    8399.6086    8672.1449    8734.5249 
     990     96.26538   100000    73767    27944    8398.1827    8668.5604    8740.2483 
     991    96.363197   100000    73768    28144    8398.1997    8664.4928    8744.2904 
     992    96.460692   100000    73768    27896    8391.6425    8669.7009    8748.9181 
     993    96.556173   100000    73768    27834    8397.7337    8665.0403    8744.4419 
     994    96.651348   100000    73768    27891    8386.7538    8681.5949    8744.3573 
     995    96.749567   100000    73768    27961    8383.0621    8683.8624    8747.6273 
     996    96.849591   100000    73768    28237    8385.5736     8675.761    8751.9615 
     997    96.946716   100000    73768    27736    8378.9634    8687.5062    8750.1316 
     998    97.045057   100000    73768    27840    8380.6816    8678.9724    8756.0879 
     999    97.143401   100000    73768    27889    8390.4255    8664.5368    8755.9077 
    1000    97.242939   100000    73768    27939    8379.4028    8684.8063    8752.1723 