Step CPU Np Natt Ncoll c_St c_Sr c_Sv 
       0            0   100000        0        0    19978.625    10.033325    10.002282 
       1  0.071643114   100000    12577     7024    19518.647    555.01649    153.77834 
       2   0.12915111   100000    68217    34660    17545.447    2879.9623    788.38013 
       3   0.18573618   100000    70280    34389    15987.424     4687.451    1318.8907 
       4   0.24246407   100000    70591    33542    14774.478    6027.5752    1798.0687 
       5   0.30182099   100000    70640    32830    13832.398    7042.1803    2197.6085 
       6   0.36980009   100000    70627    32226    13063.814    7844.9598    2548.3587 
       7   0.43307114   100000    70598    31666    12469.143    8414.9278    2868.0772 
       8    0.4917531   100000    70594    31336    11961.968    8881.7211    3163.9807 
       9   0.54831219   100000    70617    31015    11554.667    9234.1832    3422.4383 
      10   0.60476899   100000    70583    30521    11234.238    9479.3301    3657.5416 
      11   0.66055703   100000    70596    30283    10962.686    9667.0086    3877.8493 
      12   0.71013999   100000    70580    30112    10735.712    9809.3216    4076.7774 
      13   0.76022506   100000    70624    29783    10532.509    9897.4677     4292.296 
      14   0.80945301   100000    70591    30052    10375.498    9950.3146    4475.5173 
      15   0.86126208   100000    70602    29800     10234.79    9980.2535    4655.7448 
      16   0.91318512   100000    70617    29784    10100.694    10003.734    4833.7981 
      17   0.96076298   100000    70600    29708     9994.854    10017.708    4979.5162 
      18    1.0047081   100000    70626    29362    9909.1871    10003.602    5120.5189 
      19    1.0514982   100000    70598    29429    9804.7842    10014.647    5267.0622 
      20     1.095459   100000    70619    29349    9729.4498    9998.1184    5396.5883 
      21    1.1416152   100000    70595    29028    9663.1142     9971.167    5522.5539 
      22    1.1823502   100000    70611    29407    9625.2104    9906.0557    5645.3516 
      23     1.223958   100000    70609    29164    9563.3276    9885.3697    5758.5409 
      24    1.2685671   100000    70601    29285    9510.0167    9857.1638    5866.8749 
      25     1.313544   100000    70612    29088    9458.6445    9819.2817    5981.4217 
      26    1.3554771   100000    70629    28807    9416.2625    9782.7024    6081.1309 
      27     1.394856   100000    70613    29049    9383.7497    9743.1684    6170.1133 
      28     1.441931   100000    70617    29009    9340.0957    9717.0721    6262.5511 
      29     1.488378   100000    70618    28704    9315.2585    9660.6447    6356.1649 
      30      1.53724   100000    70618    28840    9297.9812    9595.2352    6447.1834 
      31    1.5895941   100000    70596    28918    9256.8855    9569.5524    6533.4099 
      32     1.642812   100000    70614    28984    9233.0263    9534.0892    6604.2493 
      33     1.692374   100000    70599    28922    9217.9474    9474.5417    6686.8836 
      34    1.7411132   100000    70618    28795    9214.6246    9411.8236    6754.9431 
      35    1.7905102   100000    70598    28865    9198.8178    9375.7538     6814.526 
      36    1.8416381   100000    70610    28908    9169.9833    9344.5791    6890.0715 
      37    1.9022481   100000    70640    28921    9126.5272    9337.4752      6960.81 
      38    1.9561751   100000    70593    28772    9101.4089    9317.2644    7019.6191 
      39    2.0101612   100000    70596    28639    9086.7638    9282.7527    7075.3003 
      40    2.0654011   100000    70603    28927     9062.821    9256.9653    7137.7188 
      41    2.1200771   100000    70583    28760    9034.0273     9244.477    7193.0028 
      42    2.1714311   100000    70641    29022    9008.2369    9233.2658    7244.7942 
      43    2.2220631   100000    70590    28681    8995.5979    9196.2286     7299.113 
      44    2.2653031   100000    70591    28705     8975.302    9165.0972    7361.4775 
      45     2.310797   100000    70593    28515    8952.6621    9157.8009    7402.1833 
      46    2.3566201   100000    70604    28673    8939.7595    9143.0268    7436.0512 
      47    2.3973331   100000    70601    28782    8928.9234    9116.6701    7479.1484 
      48    2.4409611   100000    70603    28549    8904.2101     9101.291    7530.7342 
      49     2.483393   100000    70580    28484    8895.2638    9079.7798    7566.3821 
      50    2.5263121   100000    70595    28403    8875.9191    9073.1173    7602.4521 
      51     2.568814   100000    70590    28641     8843.626    9069.9871    7652.6811 
      52    2.6103032   100000    70622    28469    8839.8792    9048.8997    7679.8326 
      53    2.6537061   100000    70616    28465    8838.5857    9017.0398    7714.2052 
      54    2.7010031   100000    70585    28567    8832.7223    8992.2092    7746.7604 
      55    2.7510161   100000    70591    28606    8836.2315    8962.9568    7772.1993 
      56    2.8016531   100000    70597    28401    8834.3834     8948.765    7788.6256 
      57     2.849858   100000    70609    28172    8834.5906    8919.5346    7816.7854 
      58    2.8965971   100000    70597    28501    8825.0353    8913.9653    7838.1792 
      59     2.946696   100000    70591    28559    8834.0214    8876.8068    7861.0181 
      60     2.991411   100000    70566    28518    8826.2414    8865.4069    7884.3044 
      61    3.0404241   100000    70594    28643     8797.819    8875.8729    7916.9602 
      62    3.0897582   100000    70636    28422    8777.0116    8873.5613    7948.5905 
      63    3.1420262   100000    70583    28308    8749.3028    8875.6764     7988.083 
      64    3.1884282   100000    70602    28297    8742.6921    8872.2839     8002.771 
      65    3.2403171   100000    70614    28544    8724.5304    8875.4959    8026.1749 
      66     3.282918   100000    70586    28231     8717.027    8872.9215    8040.4456 
      67    3.3280082   100000    70604    28377    8718.8668    8845.6374    8065.7502 
      68      3.37514   100000    70601    28252    8716.2149    8831.4693    8083.6227 
      69    3.4221911   100000    70562    28281    8716.6246     8809.978    8104.4607 
      70     3.471004   100000    70592    28430    8703.2405    8808.0292    8126.3801 
      71    3.5135341   100000    70627    28386     8699.024    8787.7477    8153.1919 
      72     3.556422   100000    70598    28225    8693.7977    8780.9193     8167.391 
      73    3.6027741   100000    70623    28417    8688.2881    8766.0501    8190.5736 
      74     3.647691   100000    70622    28548    8679.7203     8759.064    8210.5901 
      75    3.6905761   100000    70625    28411    8664.6853    8774.4637     8217.623 
      76    3.7367451   100000    70603    27993    8654.2482    8776.1255    8231.5198 
      77    3.7795811   100000    70625    28200    8658.6007    8750.5153    8250.0021 
      78    3.8258631   100000    70564    28408     8653.895    8743.7894    8264.0811 
      79     3.870441   100000    70604    28309     8659.299    8726.9011    8273.0044 
      80    3.9135852   100000    70599    28263    8651.3552     8722.983    8288.6957 
      81     3.961652   100000    70617    28308    8627.7966    8738.6001    8308.5207 
      82    4.0127971   100000    70604    28475    8626.0868    8727.7434    8321.9003 
      83     4.056921   100000    70623    28192    8633.2017    8704.6345      8335.14 
      84      4.09957   100000    70568    28313    8633.5842    8706.8259    8332.5135 
      85     4.142066   100000    70604    28234    8623.7551    8710.6724    8342.1334 
      86    4.1847122   100000    70634    28377    8616.2077    8710.8729     8353.546 
      87     4.228081   100000    70624    28261    8619.3343    8701.7444    8358.2006 
      88    4.2726681   100000    70601    28128    8615.2362    8695.0635     8370.317 
      89    4.3250301   100000    70614    28529    8635.1989     8668.072    8368.1463 
      90    4.3814511   100000    70577    28243    8635.5955    8656.8603    8378.5635 
      91     4.429939   100000    70614    28286    8628.8973    8665.3542    8379.8428 
      92    4.4858191   100000    70593    28514    8637.9543    8646.5044     8385.249 
      93    4.5366051   100000    70582    28227    8628.7454    8667.2376    8379.4305 
      94    4.5793061   100000    70588    28446    8609.0632    8683.4491    8391.9025 
      95    4.6258731   100000    70601    28254    8609.7304    8675.9893      8398.81 
      96    4.6736991   100000    70612    28277    8624.1994    8658.6935    8392.6487 
      97     4.723398   100000    70616    28226    8615.0696    8663.8284    8402.3762 
      98    4.7739592   100000    70631    28223    8623.9525    8643.1532    8410.0239 
      99    4.8235941   100000    70610    28241    8620.1043    8644.3323    8413.7834 
     100     4.872004   100000    70603    28279    8629.1887    8633.9095    8411.1299 
     101    4.9161692   100000    70607    28069    8640.4233    8611.1435    8416.9393 
     102     4.959146   100000    70606    28300    8634.8077    8624.9024    8411.2761 
     103     5.005688   100000    70582    28267    8629.7095    8624.2818    8419.9711 
     104     5.054188   100000    70605    28266    8636.2958     8611.158    8423.5315 
     105    5.1025651   100000    70576    28140    8644.1409    8608.4261    8414.4338 
     106      5.15311   100000    70608    28234    8621.3897    8630.1767     8426.592 
     107    5.2017682   100000    70574    28138    8614.6432     8624.004    8441.9047 
     108    5.2504981   100000    70628    28147    8620.0653    8614.0197    8445.2132 
     109    5.2996001   100000    70636    28168    8603.5831    8624.9091    8457.8748 
     110    5.3490181   100000    70637    28188    8602.4332     8619.944    8464.9371 
     111     5.408556   100000    70590    28503    8593.1885    8618.6225    8479.8213 
     112    5.4594982   100000    70614    28257    8597.1169    8617.4171    8475.3766 
     113     5.509207   100000    70582    28311    8583.8457    8633.4954    8480.0577 
     114     5.560802   100000    70622    28009    8594.8606    8616.9021     8479.839 
     115    5.6122792   100000    70610    28161    8601.9163    8616.8248    8469.4765 
     116     5.663825   100000    70608    28324    8600.3271    8613.7272    8474.7318 
     117    5.7147911   100000    70626    28067    8605.3876    8622.7022    8457.3939 
     118    5.7688341   100000    70611    28189    8612.1232    8601.2446    8469.6984 
     119     5.815717   100000    70640    28199    8627.2344    8580.1276    8468.8516 
     120    5.8596861   100000    70621    28485    8618.6525    8585.8623    8474.6838 
     121    5.9054182   100000    70612    27992    8626.5897    8574.6164    8474.8243 
     122     5.954412   100000    70616    28193      8625.95    8570.3678    8479.8394 
     123    5.9983821   100000    70601    28201    8602.1797    8595.8804    8488.9443 
     124    6.0487261   100000    70616    28561    8597.1746    8590.2689    8502.4858 
     125     6.109782   100000    70593    28224    8596.2593     8582.429    8512.3648 
     126    6.1544271   100000    70619    28357    8594.6623    8576.0561    8520.8809 
     127     6.206712   100000    70635    28380    8588.5134    8580.5735    8526.1503 
     128    6.2509041   100000    70598    28212    8605.4342    8554.9449    8525.4586 
     129     6.293484   100000    70617    28345    8596.9077    8570.8369     8522.941 
     130    6.3392432   100000    70652    28059    8598.6381    8570.8012    8519.3798 
     131    6.3871732   100000    70596    28210    8598.6236    8572.4106    8518.4297 
     132     6.432101   100000    70597    28235    8585.9817    8581.2131    8528.4308 
     133     6.485198   100000    70613    28076    8584.4981    8575.2907    8536.3465 
     134    6.5372281   100000    70605    28324    8574.7676    8586.1248     8540.773 
     135     6.587492   100000    70594    28066    8576.6859    8572.1656     8551.493 
     136    6.6317551   100000    70621    28190    8577.8833    8563.0147    8559.1062 
     137    6.6768281   100000    70612    28292    8569.7916    8582.6744    8550.9904 
     138    6.7242711   100000    70619    28321    8568.4338    8592.2811    8544.1311 
     139     6.767468   100000    70619    28171    8576.2866    8587.5882    8537.2533 
     140    6.8106711   100000    70599    28102    8567.9681    8589.8826    8546.6054 
     141     6.852648   100000    70586    28203    8571.7801    8578.5028    8552.2701 
     142    6.8980842   100000    70580    28394    8561.8206    8590.0279    8556.6916 
     143      6.94121   100000    70599    28282    8569.6902    8581.6993     8552.609 
     144     6.986145   100000    70573    28200    8564.2689     8588.406    8554.6406 
     145    7.0343602   100000    70597    28250    8576.7646    8569.3217    8554.5009 
     146    7.0849481   100000    70623    28147    8573.8801    8566.9545    8560.7636 
     147     7.129272   100000    70599    28245    8574.1663    8572.6148    8555.4462 
     148    7.1730001   100000    70624    28261    8581.8848    8563.6602    8552.3594 
     149     7.219238   100000    70613    28113    8594.8488    8547.5822    8548.3086 
     150    7.2642961   100000    70602    28529    8604.3606    8536.9405    8544.3633 
     151    7.3111582   100000    70607    28107    8595.8072    8548.1673    8547.3764 
     152    7.3546011   100000    70586    28220    8580.0888    8554.1733    8564.4997 
     153     7.399828   100000    70609    28318     8572.622    8562.2203    8568.1568 
     154    7.4427462   100000    70609    28167    8572.8707    8559.0453    8570.0361 
     155    7.4851902   100000    70608    28308    8569.9178    8573.9052    8560.9199 
     156    7.5313201   100000    70594    28316    8565.2337    8581.0892    8560.3884 
     157    7.5793772   100000    70641    28031    8567.8941    8573.4491    8563.6314 
     158     7.624254   100000    70615    28347     8581.138    8547.3748    8570.4868 
     159    7.6687551   100000    70591    28507    8586.7694    8547.5615    8561.2479 
     160    7.7162001   100000    70634    28142     8591.076    8544.8018    8556.7387 
     161    7.7598121   100000    70653    28127    8592.7206    8547.7965    8553.2832 
     162    7.8044431   100000    70610    28348    8585.2822    8562.8769    8547.7435 
     163     7.852071   100000    70613    28462     8590.588    8557.8831    8544.8707 
     164     7.903538   100000    70620    28423     8594.269    8547.9332    8549.6766 
     165     7.953208   100000    70634    28203    8601.6878    8537.3167    8549.9245 
     166    8.0058391   100000    70624    28308    8607.2974    8541.7948    8536.4319 
     167     8.062624   100000    70591    28436    8607.3034     8547.059    8532.5306 
     168    8.1118081   100000    70630    28149    8586.9849    8570.7236    8538.3216 
     169    8.1732731   100000    70611    28163    8588.1617    8566.0924    8541.0735 
     170     8.223973   100000    70609    28263    8574.7462    8582.8196     8543.815 
     171    8.2680151   100000    70657    28077    8592.1609    8559.4507    8540.8444 
     172     8.316035   100000    70604    28068    8582.4982    8574.4864    8540.1477 
     173    8.3601611   100000    70617    28405    8576.1644    8588.2376    8536.9689 
     174     8.404458   100000    70610    28308     8569.062    8596.7884    8537.3858 
     175     8.451726   100000    70606    28204    8581.8202    8581.8941    8534.4848 
     176     8.497838   100000    70594    28096    8580.7122    8585.3761    8533.7152 
     177     8.542892   100000    70612    28108    8579.0465    8591.1566    8529.4895 
     178    8.5867281   100000    70611    28190    8574.0019    8592.3146    8534.9181 
     179    8.6326752   100000    70576    28030     8570.225    8596.6604    8537.7342 
     180      8.67641   100000    70643    28309    8576.8807     8574.315    8549.7488 
     181     8.719739   100000    70596    28143    8588.2482    8562.5612    8544.2102 
     182    8.7649732   100000    70628    28473    8590.3426    8559.8253    8544.3781 
     183     8.814008   100000    70619    28384    8579.9748    8568.7135    8550.2113 
     184    8.8616211   100000    70597    28391    8572.5405     8566.812    8563.5405 
     185    8.9072962   100000    70593    28289    8573.1764    8563.6172    8565.5157 
     186    8.9512541   100000    70595    28182    8560.3111    8583.7745    8565.2255 
     187     8.994771   100000    70623    28431    8554.7995      8596.64     8560.948 
     188     9.041163   100000    70597    28269    8550.7468    8596.6425    8566.8117 
     189    9.0884311   100000    70606    28167    8555.6611     8588.932    8566.0079 
     190     9.132338   100000    70603    28196    8547.0022    8599.1616    8568.4897 
     191    9.1771932   100000    70610    28101    8535.6352    8623.1361    8562.6918 
     192     9.221683   100000    70583    28243    8539.2734    8617.1477    8563.4724 
     193    9.2672992   100000    70599    28274    8545.2092    8615.4926    8554.8486 
     194     9.312959   100000    70615    28229    8546.6295    8618.6185    8550.1285 
     195    9.3585222   100000    70593    27979    8536.0405    8627.4105     8557.681 
     196    9.4065831   100000    70617    28370    8534.1359    8625.1961    8562.4383 
     197    9.4546142   100000    70599    27992    8555.0423    8601.2741    8554.2478 
     198    9.4975071   100000    70594    28160    8563.8079    8592.7125    8550.4761 
     199    9.5430682   100000    70616    28007    8594.5517    8548.2577    8549.4081 
     200    9.5874801   100000    70596    28321    8597.3193    8550.3386    8542.5403 
     201    9.6360722   100000    70631    28246    8597.3763    8551.1741    8541.3097 
     202    9.6796942   100000    70594    28167    8600.0674    8550.8024    8537.7843 
     203     9.725796   100000    70596    28207    8602.4046    8551.9388    8533.3053 
     204    9.7701061   100000    70587    28277     8593.085    8559.0852    8539.8195 
     205     9.815341   100000    70623    28223    8593.1429    8560.1137    8539.6279 
     206    9.8621571   100000    70605    28346    8590.3924    8564.3231    8539.0771 
     207    9.9108601   100000    70606    28150    8584.8028    8567.5157    8544.5918 
     208    9.9595191   100000    70616    28327    8578.2661    8570.7233    8550.3909 
     209    10.005147   100000    70557    28097    8573.7069    8577.1864    8550.9297 
     210    10.052191   100000    70568    28213    8559.8138     8601.544    8547.4049 
     211    10.099687   100000    70555    28211    8558.8418    8597.4701    8552.9771 
     212    10.146054   100000    70580    28126    8550.1195    8609.2358    8553.7198 
     213     10.18936   100000    70599    28196    8531.3372    8637.4912    8554.2989 
     214    10.233243   100000    70628    27989    8546.2962    8625.1731    8544.9393 
     215    10.276625   100000    70608    28289    8554.9604    8613.0892    8543.6889 
     216    10.320665   100000    70595    28117    8548.5249    8615.6456    8550.6973 
     217    10.371598   100000    70612    28009    8548.0624     8619.006    8547.6961 
     218    10.426579   100000    70605    28335    8549.5763    8619.6171    8544.3262 
     219    10.485149   100000    70552    28094    8550.7673    8615.4434    8546.1387 
     220    10.531949   100000    70600    28101    8563.4231    8608.1525    8535.9834 
     221    10.580765   100000    70604    28311    8561.2899    8611.6845    8535.1911 
     222    10.625603   100000    70594    27924    8556.2869    8621.0416    8533.4122 
     223    10.674523   100000    70608    28236     8570.204    8597.1748    8536.0858 
     224    10.727656   100000    70594    28257    8579.2222    8590.9541    8528.9314 
     225    10.774972   100000    70584    28231    8579.7423    8588.9444     8530.218 
     226    10.819281   100000    70574    28308    8572.2383    8603.4307    8526.3619 
     227    10.863593   100000    70595    28209     8577.964    8598.0795    8523.8391 
     228     10.91547   100000    70622    28063     8579.693    8592.0616     8526.567 
     229    10.966631   100000    70613    28061    8594.7218    8571.5749    8525.0139 
     230    11.015057   100000    70577    28016     8591.007    8584.7079    8517.2435 
     231    11.065924   100000    70605    28441    8593.2856    8574.0012    8524.5638 
     232    11.112824   100000    70638    28129    8580.7211    8589.6056    8527.4374 
     233    11.160601   100000    70628    28233    8607.4111    8564.9475    8512.7059 
     234    11.213294   100000    70575    28078    8614.0991    8549.6086    8518.1699 
     235    11.260991   100000    70603    28137     8618.017    8550.9045    8510.0306 
     236    11.307291   100000    70585    28141    8605.5893    8576.5045    8504.1538 
     237      11.4023   100000    70617    28253    8616.5864    8564.4854    8500.3855 
     238    11.466228   100000    70625    28458    8617.6616    8566.0596    8496.3463 
     239    11.517849   100000    70608    28370    8610.9206    8576.6736    8496.6251 
     240    11.569277   100000    70619    28272    8609.3507    8584.9438     8490.197 
     241    11.620951   100000    70566    28297    8590.4213    8607.6231    8495.1663 
     242    11.673738   100000    70635    28343    8591.1699    8605.9369    8496.7696 
     243    11.728784   100000    70615    28257    8577.8599    8619.5716    8502.2133 
     244    11.773722   100000    70580    28476    8589.7261    8592.0886     8511.888 
     245    11.819231   100000    70600    28263    8578.3548    8605.6306    8515.1346 
     246    11.864302   100000    70609    28395    8577.8205    8604.6708    8518.1201 
     247    11.911504   100000    70611    28159    8575.5551    8607.5287    8518.8739 
     248    11.958511   100000    70603    28382    8578.4679    8598.7277     8522.793 
     249    12.008001   100000    70602    28059    8580.5881    8593.5082    8524.2084 
     250    12.058107   100000    70610    28080     8575.187    8599.0446      8527.26 
     251    12.108333   100000    70608    28385    8598.1062    8570.5704    8521.5931 
     252    12.153318   100000    70594    28172    8611.7752    8553.0238    8518.3182 
     253    12.198664   100000    70576    28433    8593.7447    8580.9008    8517.0288 
     254    12.244991   100000    70585    28232    8585.4023    8589.8194    8521.2595 
     255    12.298363   100000    70653    28251    8581.5778    8602.2864    8512.6106 
     256    12.347721   100000    70623    28300    8599.6057    8586.2237    8501.8124 
     257    12.398149   100000    70617    28138    8588.7034    8598.9038    8505.6768 
     258    12.447376   100000    70595    28238    8607.5373    8570.6146    8506.8645 
     259    12.494159   100000    70602    28215    8585.8146     8587.852    8521.0544 
     260     12.54092   100000    70591    28207    8578.8237    8587.9118    8532.3305 
     261    12.593635   100000    70576    28200    8573.5991    8592.3559    8535.5555 
     262    12.638609   100000    70617    28340    8579.0174     8579.092    8540.4984 
     263    12.684806   100000    70612    28324    8593.3742    8551.7999    8547.5307 
     264    12.732928   100000    70596    28042    8582.0822    8569.8682    8546.4367 
     265    12.777732   100000    70590    28268     8563.424    8591.3082    8552.6168 
     266     12.82531   100000    70619    28322    8566.4376    8577.3471    8561.5657 
     267      12.8759   100000    70612    28407    8562.4214    8592.2609    8553.5677 
     268    12.923129   100000    70592    28276    8578.3604     8576.108    8545.1907 
     269    12.968999   100000    70615    28308    8593.8179    8554.3055    8543.2323 
     270    13.022541   100000    70602    28170    8598.0374    8549.5465    8541.4224 
     271    13.079377   100000    70611    28139    8587.0247    8568.8169    8540.0769 
     272    13.132283   100000    70598    28107    8607.0271    8537.7455    8540.1948 
     273    13.179967   100000    70612    28309    8616.6633     8526.554    8537.2851 
     274    13.225225   100000    70607    28349    8600.9237    8555.5647    8532.0154 
     275    13.270674   100000    70585    28239    8587.4983    8578.2727    8529.9798 
     276    13.316267   100000    70625    28329    8572.5946    8591.3858    8539.0491 
     277    13.367054   100000    70602    28266    8569.6608    8588.8774    8545.4724 
     278    13.414604   100000    70622    28088    8577.5497    8579.9567    8541.9138 
     279    13.465094   100000    70587    28206    8576.6801    8578.3828    8545.2399 
     280    13.511376   100000    70588    28436    8573.8685    8587.2778    8541.8655 
     281    13.558552   100000    70605    28216    8571.4387    8595.3362    8536.7519 
     282    13.604491   100000    70595    28211    8568.9233    8589.6949    8546.0851 
     283    13.653176   100000    70616    28180    8577.3394    8576.1048    8546.9224 
     284    13.705595   100000    70572    28090    8571.1811    8575.4725    8556.9986 
     285    13.754425   100000    70599    28286    8578.4092    8570.5931    8550.2853 
     286    13.803616   100000    70577    28222    8584.6398    8561.4066    8551.2512 
     287    13.851149   100000    70631    28180     8576.349    8570.2597    8553.8226 
     288    13.904303   100000    70578    28366      8570.46    8580.4664    8552.6234 
     289    13.953348   100000    70627    28112    8574.5826    8568.9666    8558.4266 
     290    14.001242   100000    70630    28367    8565.7603    8570.3508    8570.1945 
     291    14.053111   100000    70607    28211    8555.0942    8578.1354    8578.4653 
     292    14.105336   100000    70588    28344    8559.0536    8565.1056    8585.0942 
     293    14.149554   100000    70612    28030    8562.3022    8562.0011    8584.0028 
     294    14.195741   100000    70594    28090    8571.6902    8548.2715    8584.0272 
     295    14.240758   100000    70613    28501    8549.2656    8579.2158    8585.5904 
     296    14.288303   100000    70606    28152    8545.1643    8598.2486    8572.4012 
     297    14.339418   100000    70586    28171     8548.911    8588.9348    8576.7751 
     298    14.384842   100000    70620    27933    8544.2137    8602.3552    8570.0121 
     299    14.434264   100000    70651    28171    8554.1782    8598.1475    8560.4565 
     300    14.482127   100000    70585    28347    8565.9813    8578.6511    8561.2684 
     301    14.529109   100000    70649    28255    8568.3156    8576.0734    8561.0708 
     302     14.57337   100000    70618    28241    8568.6126    8572.3036    8563.6584 
     303    14.617365   100000    70638    28151    8577.2975    8560.8938    8562.6369 
     304    14.666142   100000    70607    28277     8582.037    8552.2385    8563.4671 
     305    14.715226   100000    70608    28246    8594.0308    8533.9718    8563.5315 
     306    14.761692   100000    70654    28282    8594.3568    8533.5976    8563.6538 
     307    14.808488   100000    70590    28285     8611.299    8506.8409     8564.823 
     308     14.85866   100000    70588    28333    8608.3756    8510.7935    8565.8605 
     309    14.908472   100000    70633    28217    8597.8069    8520.1444    8572.9346 
     310    14.958571   100000    70625    28399    8609.8472    8507.3509    8566.7744 
     311    15.006944   100000    70634    28174    8593.3996    8529.9216    8569.5449 
     312    15.065322   100000    70607    28484     8572.262    8555.3273    8575.5193 
     313    15.116922   100000    70620    28442     8564.565    8568.1551    8573.4481 
     314    15.163866   100000    70639    28212    8557.0014    8571.3036    8582.3804 
     315    15.215911   100000    70610    28066    8540.0929    8585.4336    8593.8387 
     316    15.268393   100000    70604    28046    8534.4811    8599.6171    8587.4961 
     317    15.321286   100000    70603    28254    8552.7346    8568.2667    8592.4473 
     318    15.369546   100000    70606    28319     8556.042    8558.1797    8596.1235 
     319    15.416849   100000    70583    28110    8554.6913    8554.3335    8602.9273 
     320    15.464339   100000    70618    28248    8559.9552    8551.2984    8598.3376 
     321    15.512523   100000    70607    28440    8555.3429    8567.2192    8588.7758 
     322    15.562124   100000    70606    28130    8563.3122    8559.0186    8585.1537 
     323    15.612931   100000    70621    27994     8565.321    8565.3469    8575.2132 
     324    15.660033   100000    70598    28067    8574.4635    8556.2018    8570.6998 
     325    15.709932   100000    70598    28120    8573.0774    8556.9281    8573.5514 
     326    15.760051   100000    70608    28251    8570.0754    8568.0616    8565.9102 
     327    15.810163   100000    70600    28257    8580.5295    8555.1783    8562.1778 
     328    15.864944   100000    70602    28418    8593.6133    8553.7687    8544.8481 
     329    15.922356   100000    70627    28192    8585.7095    8563.9988     8545.304 
     330    15.977004   100000    70588    28305    8580.7368    8577.2606    8541.1049 
     331    16.026556   100000    70612    28098    8578.0504    8572.3154    8549.7645 
     332    16.078191   100000    70591    28282    8580.4747     8573.602    8544.9364 
     333    16.124948   100000    70602    28178    8584.2721    8564.1384    8548.1954 
     334    16.173949   100000    70584    28344    8576.3929    8569.3041    8555.3217 
     335    16.224943   100000    70615    28462    8565.8004    8592.6067    8546.7522 
     336    16.273152   100000    70637    28427    8574.7642     8577.652    8549.6768 
     337     16.32299   100000    70607    28150    8581.4307     8574.409    8541.9049 
     338    16.376051   100000    70585    28114    8578.9408    8573.6784    8546.8642 
     339    16.426213   100000    70601    28360      8586.24    8563.9812     8545.748 
     340    16.478189   100000    70594    28126    8583.7511    8563.3372    8549.4078 
     341    16.526178   100000    70618    28262    8583.2612    8560.9678    8552.9517 
     342    16.573676   100000    70574    28239       8568.1    8570.9913    8565.0243 
     343    16.620408   100000    70598    28369     8563.938    8571.8788    8571.5189 
     344    16.666032   100000    70618    27960     8569.437    8564.7044    8569.7855 
     345    16.711007   100000    70618    28212      8574.85    8557.4532    8569.0961 
     346    16.758678   100000    70610    28241    8563.7258    8577.4776    8566.0742 
     347    16.805937   100000    70618    28282    8568.0351    8561.2585    8576.5588 
     348    16.854274   100000    70613    28024     8559.081    8568.7925    8581.4735 
     349    16.905139   100000    70606    28286    8558.5179    8565.9625    8585.2431 
     350    16.956274   100000    70599    28335    8549.9282     8574.939    8589.1377 
     351    17.004515   100000    70623    28254    8550.7077    8574.2449    8588.1008 
     352    17.055021   100000    70605    28407    8555.1525    8557.5435    8598.8189 
     353    17.104377   100000    70621    28049    8547.6264    8564.9177    8602.0586 
     354    17.157091   100000    70596    28178    8551.4959    8562.2149    8598.7737 
     355    17.208258   100000    70574    28247    8544.8687    8581.2161    8590.8822 
     356     17.26066   100000    70662    28197    8544.9737    8581.1607    8590.2151 
     357    17.307599   100000    70594    28148    8544.0704     8585.137    8588.4458 
     358    17.354036   100000    70630    28118    8545.1617    8590.5267    8580.3488 
     359    17.403751   100000    70639    28072    8563.3493    8575.1733    8569.3829 
     360    17.450835   100000    70607    28227    8565.0249    8575.2755     8566.575 
     361    17.499036   100000    70596    28360    8547.8457    8597.5057    8570.1365 
     362    17.548151   100000    70591    28144    8558.7706    8591.0709    8559.7717 
     363    17.593854   100000    70576    28206     8551.549    8604.0955    8556.0227 
     364    17.647725   100000    70565    28276    8552.2091    8611.5438    8549.2313 
     365    17.700134   100000    70599    28161    8560.9843    8595.4905    8551.7785 
     366    17.753154   100000    70606    28041    8570.0352    8579.2536    8554.6397 
     367    17.806445   100000    70589    28296    8568.3357    8579.7962    8557.0838 
     368    17.857395   100000    70591    28187    8582.3187     8563.915    8551.2484 
     369     17.91025   100000    70622    28079    8580.4008    8563.5276    8554.9472 
     370     17.95821   100000    70602    28096    8580.7702    8573.7377    8543.3751 
     371    18.007169   100000    70608    28004    8593.2716    8551.5996    8546.9032 
     372    18.058961   100000    70592    28182    8569.7083    8581.2404    8552.9369 
     373    18.108532   100000    70630    28141    8558.1692    8598.1173    8554.2058 
     374    18.157514   100000    70606    28291    8557.8963    8604.0563    8548.6627 
     375     18.20595   100000    70616    28323    8549.5659     8602.082    8562.3433 
     376    18.254584   100000    70637    28134    8541.4295      8603.33    8573.4736 
     377    18.304489   100000    70613    28324    8545.9146    8599.1607    8572.1314 
     378    18.350328   100000    70610    28248    8529.9584    8614.5299    8579.5932 
     379    18.397748   100000    70603    28135    8540.3803    8599.5037    8578.9535 
     380    18.448071   100000    70592    28250    8522.9944    8613.8938    8590.1931 
     381     18.50019   100000    70586    28236    8523.9476    8611.2766    8591.6974 
     382    18.550188   100000    70609    28019    8539.1129    8579.6899    8601.2496 
     383    18.598104   100000    70587    28314     8542.315    8577.8977    8597.1977 
     384    18.647369   100000    70597    28321    8545.4124    8571.9638    8598.6216 
     385    18.695242   100000    70608    28117    8537.7682    8582.8702    8598.5417 
     386    18.743397   100000    70606    27990    8528.2913    8592.0064     8604.119 
     387    18.793256   100000    70614    28280    8527.9761    8584.0187    8613.4633 
     388    18.845343   100000    70604    28295    8528.4155    8586.0306    8609.6898 
     389    18.899789   100000    70592    28429    8526.0915    8575.4574    8624.1003 
     390    18.953043   100000    70594    28206    8513.6878    8584.9408    8633.4164 
     391    19.004054   100000    70633    28367    8520.3493    8578.0273    8630.6345 
     392    19.057272   100000    70608    28104    8516.3517    8583.5162    8631.7769 
     393    19.106941   100000    70619    28224    8516.1368    8580.7781    8634.2333 
     394    19.157823   100000    70613    28286    8532.4412    8573.4936    8616.4685 
     395    19.208376   100000    70580    28220    8522.4704    8582.9274    8623.4843 
     396    19.258437   100000    70615    28033    8518.9121    8583.3692    8626.7868 
     397     19.30674   100000    70624    28104    8521.6771     8579.026    8627.5825 
     398    19.353157   100000    70586    28055    8542.0673    8559.3045    8616.8678 
     399    19.401775   100000    70610    27921    8538.2261    8567.6822    8614.0932 
     400    19.453334   100000    70593    28102    8541.5408    8559.4038    8617.6159 
     401    19.504106   100000    70606    28119    8546.5456    8547.4318    8622.3259 
     402    19.555939   100000    70648    28133    8551.9188    8538.5184    8622.5585 
     403    19.603011   100000    70615    28196    8552.2665    8538.5592    8621.2403 
     404    19.649016   100000    70644    28194    8574.3759    8517.7359    8609.7922 
     405    19.694859   100000    70607    28473    8564.2014    8535.3601    8607.5857 
     406    19.746877   100000    70621    28159    8553.2933    8548.1999    8610.1805 
     407    19.792312   100000    70601    28175    8542.4418    8552.7209    8622.5662 
     408    19.838025   100000    70588    28237    8542.8466    8546.1241    8627.8736 
     409    19.886395   100000    70590    28318    8549.8097    8535.3634    8629.4301 
     410    19.936779   100000    70603    28370    8559.0261    8519.9008    8630.3862 
     411    19.986736   100000    70593    28226    8566.1051    8512.2965    8627.4699 
     412    20.033809   100000    70626    28076    8556.3202    8523.9769    8631.2002 
     413     20.09018   100000    70625    28105    8575.7354    8493.9469    8631.3683 
     414    20.142352   100000    70641    28291    8571.7355    8505.5698    8625.7524 
     415    20.200219   100000    70606    28293    8573.4113    8503.5628    8624.4214 
     416    20.252039   100000    70565    28291    8575.6415    8498.1243     8627.761 
     417    20.305529   100000    70585    28290    8575.2551    8515.5308    8610.8852 
     418    20.356693   100000    70627    28234    8576.4095    8519.3297    8605.0117 
     419    20.412505   100000    70607    28363    8574.4531    8527.4884    8600.2021 
     420    20.475703   100000    70611    28223    8570.3478    8536.3499    8596.6028 
     421    20.534263   100000    70592    28039    8564.4904    8540.3784      8601.48 
     422    20.588217   100000    70624    28234    8563.0311    8553.7765    8589.7486 
     423    20.633691   100000    70651    28159    8565.5009    8556.3293    8584.5339 
     424    20.684056   100000    70628    28282    8553.0852    8565.0377    8595.1972 
     425    20.729756   100000    70611    28453    8558.3345    8566.3762    8584.9677 
     426    20.779538   100000    70599    28283    8543.1537    8583.8197     8589.411 
     427    20.827991   100000    70649    28257    8538.1576    8598.8184    8583.0182 
     428    20.873379   100000    70598    28268    8541.6637    8595.5642    8580.4492 
     429    20.925919   100000    70588    28480    8544.0134    8589.1417    8584.1185 
     430    20.972332   100000    70615    27970    8530.4503    8602.4549    8591.0136 
     431    21.025187   100000    70611    28099    8544.0111    8585.8209    8587.3335 
     432    21.082822   100000    70602    28078     8534.105    8591.7943    8595.2314 
     433    21.143216   100000    70607    28403    8559.7579    8559.4385    8588.9838 
     434    21.202074   100000    70604    28135    8562.0333     8553.818    8592.3018 
     435    21.256328   100000    70596    28163    8549.8461    8567.3424    8597.0484 
     436    21.308404   100000    70596    27973    8555.8153    8563.3892     8591.427 
     437    21.358085   100000    70569    28361    8552.2107    8579.1736    8580.9061 
     438    21.411245   100000    70610    28166    8541.5857    8595.3791    8581.6814 
     439    21.463876   100000    70619    28309    8560.6865    8570.2488    8577.3515 
     440    21.515173   100000    70612    28285    8555.4389    8578.8653    8577.1617 
     441    21.562177   100000    70633    28121    8574.3234    8560.4793    8566.9494 
     442      21.6107   100000    70595    28289     8568.735    8575.7829    8560.4885 
     443    21.660285   100000    70601    28186    8579.1104    8561.1868    8559.1202 
     444    21.713558   100000    70613    28254    8580.2364    8562.7677     8555.681 
     445    21.763927   100000    70586    28290     8579.151     8560.947    8558.9443 
     446    21.815546   100000    70590    28024    8580.5479    8570.3538    8547.9488 
     447    21.863451   100000    70594    28031    8564.3605    8593.8527    8548.3017 
     448    21.913037   100000    70587    28110     8571.266    8584.7486    8547.0552 
     449    21.961904   100000    70619    28228    8570.6069    8580.5342    8552.6499 
     450    22.012001   100000    70590    28246    8575.3674    8565.4241    8560.0184 
     451    22.067691   100000    70591    28156    8577.7387    8571.1022    8551.6626 
     452      22.1195   100000    70613    28148    8575.6338    8573.7346    8551.1382 
     453    22.168943   100000    70626    28267     8570.436    8587.8622    8545.5099 
     454    22.214426   100000    70581    28243    8570.3427    8582.3042    8550.9856 
     455    22.260579   100000    70640    28401    8589.1979    8553.6537    8551.1027 
     456    22.308706   100000    70608    28142    8595.7702    8550.1978    8545.5224 
     457    22.357443   100000    70580    28202    8587.2528    8561.8697    8544.6797 
     458    22.407597   100000    70588    28004    8580.2811    8565.3739    8553.2319 
     459    22.459937   100000    70595    28164    8581.7646    8553.7665    8562.6634 
     460    22.508741   100000    70578    28365    8587.9567    8543.2039    8563.6367 
     461    22.557658   100000    70620    28240     8591.237    8542.9181    8559.0725 
     462    22.609461   100000    70602    28277    8585.2704    8549.2157    8562.0577 
     463    22.658758   100000    70621    28226    8577.5317    8558.0312    8564.4538 
     464    22.707024   100000    70597    28123    8585.5281    8550.5133    8560.7316 
     465    22.758199   100000    70607    28011    8598.1433    8538.7483    8553.4097 
     466    22.806512   100000    70621    28204    8607.9283    8527.4701    8549.9358 
     467    22.856674   100000    70591    28432    8618.4073    8517.3936    8544.5526 
     468    22.907503   100000    70634    28573    8617.4413     8520.945    8541.9975 
     469    22.954772   100000    70600    28372    8609.3851    8522.4243    8551.8364 
     470    23.002936   100000    70621    28234    8608.5206    8522.9049     8553.481 
     471    23.055636   100000    70578    28100    8603.6383    8533.7126    8549.9536 
     472     23.10608   100000    70590    28187    8577.2503    8562.4772     8562.149 
     473    23.155329   100000    70611    28209    8587.8895    8551.5794    8555.2731 
     474    23.210866   100000    70613    28239    8577.2023    8565.2728    8558.7739 
     475    23.258354   100000    70596    28421    8576.4425    8568.6154     8555.729 
     476    23.310622   100000    70604    28153    8581.2103    8563.9995    8553.0616 
     477    23.358351   100000    70605    28186    8580.3756     8563.768    8554.7809 
     478     23.40504   100000    70609    28400    8572.7665    8570.3568    8559.0251 
     479    23.452919   100000    70594    28252    8563.5797    8579.6616    8563.9939 
     480    23.501133   100000    70585    28317    8562.7186    8593.3607    8551.3026 
     481    23.550024   100000    70612    28167     8561.834    8587.3703    8558.5049 
     482    23.599316   100000    70621    28304    8568.5639     8575.831    8560.3261 
     483    23.650872   100000    70624    28394    8565.4629    8570.2632    8570.9323 
     484    23.699481   100000    70611    28222    8568.3374    8568.7847    8567.3703 
     485    23.751068   100000    70618    28357    8566.1324    8568.5431    8571.0525 
     486     23.80014   100000    70598    28256    8560.4599    8573.5683    8574.6549 
     487    23.850614   100000    70606    28232    8557.5536    8570.5941    8582.2468 
     488    23.900673   100000    70605    28169    8572.8012     8560.624    8568.3517 
     489    23.946304   100000    70579    28031     8582.011    8556.1406    8559.0987 
     490    23.993912   100000    70627    28302    8581.9657    8552.5915    8564.3051 
     491    24.048761   100000    70587    28281    8583.8912    8546.6962    8565.5991 
     492    24.101573   100000    70611    28407    8571.8423    8558.0956    8573.5932 
     493    24.155164   100000    70570    28534    8569.3459    8565.6443    8569.7898 
     494    24.206866   100000    70604    28176    8561.0422    8569.9592    8577.3947 
     495    24.257053   100000    70607    28278    8555.4153    8578.8544    8576.7427 
     496     24.30591   100000    70602    28353    8557.0672    8586.4324    8567.3136 
     497    24.361952   100000    70576    28211    8562.0391     8573.754    8571.7253 
     498    24.407888   100000    70596    27951    8565.1949    8570.6265    8570.8159 
     499    24.459838   100000    70600    28338    8569.1619    8566.7536    8568.4732 
     500    24.506592   100000    70599    27900    8566.3004    8561.1012    8578.5666 
     501    24.554205   100000    70625    28057    8560.1657    8575.3196    8573.4031 
     502     24.60268   100000    70612    28246    8556.3473    8572.6547    8581.9914 
     503    24.652989   100000    70640    28203    8564.8395    8558.5145     8582.538 
     504    24.700659   100000    70612    28076    8565.3568    8557.1319    8583.9936 
     505    24.747815   100000    70587    28180    8572.5335     8557.431    8573.7521 
     506    24.797925   100000    70598    28241    8579.7628    8550.3873    8568.3773 
     507    24.848992   100000    70619    28361    8584.1757    8543.3057    8569.4625 
     508    24.898978   100000    70629    28262    8583.8831    8533.7485    8579.5009 
     509    24.949761   100000    70585    28425    8577.6257    8548.7377    8573.9422 
     510    25.000208   100000    70604    28159    8586.3823    8544.7785    8564.2182 
     511    25.052764   100000    70600    28256     8589.731    8543.3523     8560.829 
     512    25.105643   100000    70590    28051     8584.446    8550.4265    8561.5595 
     513    25.161774   100000    70632    28136    8575.0061    8557.4326    8567.9045 
     514    25.210647   100000    70596    28073    8570.8206    8564.9129    8567.8447 
     515    25.270761   100000    70609    28189    8594.3035    8543.5484    8553.4764 
     516    25.326739   100000    70586    28105    8586.3341    8554.6834    8554.0569 
     517    25.383193   100000    70603    28260    8578.5418     8563.458    8557.5213 
     518    25.436549   100000    70605    28228    8570.6764    8572.5343    8560.1225 
     519    25.487504   100000    70583    28292    8577.9308    8558.6603    8561.9711 
     520    25.537814   100000    70589    28215    8570.3846    8571.3117    8562.7787 
     521    25.587096   100000    70607    28251    8570.5133     8567.624     8565.932 
     522    25.633701   100000    70604    28117    8558.4742    8585.3229    8566.0185 
     523    25.689418   100000    70603    28439    8574.5759    8557.0502      8570.21 
     524     25.74574   100000    70623    28104    8586.6698     8541.038    8568.4474 
     525    25.800151   100000    70628    28072    8591.3133    8533.6455    8567.9967 
     526    25.854796   100000    70591    28397    8579.6075    8556.7497    8562.0723 
     527    25.912198   100000    70586    28247    8569.1146     8567.023    8567.8779 
     528    25.965335   100000    70660    28255    8587.2558    8550.1877    8557.9454 
     529    26.014577   100000    70599    28303    8591.1149    8547.0316    8554.5428 
     530    26.064318   100000    70611    28143    8592.0216    8538.8698    8561.7091 
     531    26.111858   100000    70600    28335    8587.7386    8544.5334     8562.893 
     532    26.158844   100000    70573    28211    8589.0862     8543.212     8562.632 
     533    26.211611   100000    70595    28223    8581.2663    8553.5102    8563.2769 
     534    26.258788   100000    70635    28228    8568.7375    8567.0676    8569.1599 
     535    26.307214   100000    70590    28400    8557.8341    8588.7007    8564.0571 
     536    26.356742   100000    70601    28354    8567.3547    8576.4538    8560.8594 
     537    26.408814   100000    70573    28249    8564.6531    8576.8266    8564.7171 
     538     26.45952   100000    70605    28219    8559.6327    8581.5384     8567.976 
     539    26.511566   100000    70610    28476    8569.2601    8567.9591     8567.426 
     540    26.561459   100000    70609    28086    8562.8301    8576.1896    8568.0532 
     541    26.609869   100000    70600    27994     8566.999    8561.1531    8577.7355 
     542    26.663858   100000    70601    28061     8549.637    8579.3006    8584.9069 
     543    26.712905   100000    70621    28081     8551.781    8583.6416     8577.704 
     544    26.763805   100000    70624    28022    8555.1056    8575.3864    8579.7364 
     545    26.815057   100000    70609    28300     8566.415    8565.4435    8573.6219 
     546    26.862331   100000    70582    28330    8556.2899    8576.8912    8577.4063 
     547    26.916092   100000    70628    28186    8553.9949     8582.923    8574.0513 
     548    26.967195   100000    70625    28167    8553.2826    8584.8375     8573.954 
     549    27.017177   100000    70614    28240    8547.7209    8605.4274    8562.2652 
     550     27.06946   100000    70622    28378    8553.3972    8591.0601    8567.9218 
     551    27.119577   100000    70592    28294    8559.2579    8573.2029    8575.7458 
     552    27.167914   100000    70609    28137    8561.1718    8566.5242    8580.4081 
     553     27.21581   100000    70649    28243    8566.3572      8571.35    8568.1427 
     554    27.267102   100000    70623    28067    8575.4574    8557.5498    8568.6301 
     555    27.337761   100000    70597    28251    8575.2216    8563.9063    8562.2362 
     556    27.397918   100000    70613    28270     8571.198    8572.7912     8559.225 
     557    27.459726   100000    70620    28407    8578.6657    8562.7667    8557.1409 
     558    27.519265   100000    70594    28355    8586.1693    8552.6219    8557.0894 
     559    27.578739   100000    70599    28248    8588.1619    8545.2288     8560.739 
     560    27.628656   100000    70591    28229    8578.9296    8550.3555     8569.942 
     561     27.67954   100000    70613    28135    8576.5961    8557.0725    8566.7183 
     562    27.727663   100000    70615    28392    8573.6199    8556.2792    8572.5348 
     563    27.779912   100000    70610    28391    8572.6736    8540.8805    8589.2046 
     564    27.832134   100000    70640    28444    8570.1801    8547.1013      8587.27 
     565    27.887245   100000    70601    28485    8574.1427    8539.6809    8587.3847 
     566    27.949762   100000    70587    28515    8567.5842    8552.1461    8584.5769 
     567    28.005909   100000    70609    28033    8546.7007    8582.3704    8586.7914 
     568    28.065488   100000    70580    28153    8542.6724    8590.9697    8583.0669 
     569    28.133043   100000    70594    28269     8545.204    8588.4846    8582.6909 
     570    28.212175   100000    70622    27911    8545.5429    8583.0754    8587.4843 
     571    28.276557   100000    70641    28142    8540.3921    8586.7115    8591.6762 
     572     28.33542   100000    70600    28161    8543.3761    8585.3044     8588.591 
     573    28.393976   100000    70636    28141    8535.8245    8590.6281    8593.2104 
     574    28.450294   100000    70653    28084    8531.1275    8594.2523    8597.7556 
     575    28.504504   100000    70613    28217    8537.3774    8573.4283    8608.7673 
     576    28.559887   100000    70608    28259    8548.5299    8559.7706    8606.4872 
     577    28.609172   100000    70640    28343    8556.5395    8550.4026    8602.7034 
     578    28.670424   100000    70612    28039    8560.8019     8550.328    8597.2524 
     579    28.727539   100000    70638    28137    8564.4883    8541.7369    8600.9504 
     580    28.784387   100000    70622    27980    8560.8131    8544.7977    8603.0181 
     581    28.839344   100000    70620    28042     8548.858    8560.8527    8605.0094 
     582    28.894322   100000    70572    28461    8564.4999    8553.4685    8587.8433 
     583    28.951243   100000    70597    28453    8547.3327     8576.103    8591.0183 
     584    29.004254   100000    70602    28178    8558.1639     8561.747    8590.1008 
     585    29.062957   100000    70598    28019    8557.0847    8568.1609    8585.1316 
     586     29.12474   100000    70631    28136    8536.7126    8589.2546    8594.2044 
     587    29.187688   100000    70577    28177    8532.9518    8589.5401    8599.4583 
     588    29.250371   100000    70588    28025    8544.5657    8576.0673    8595.8952 
     589    29.304664   100000    70624    27997    8536.3702    8582.4609    8601.6257 
     590    29.360343   100000    70618    28318    8526.2946    8588.3234    8611.4557 
     591    29.414437   100000    70578    28168    8529.0096    8589.7167    8605.6514 
     592    29.482957   100000    70579    28289    8549.1487    8558.1437    8607.5608 
     593    29.552376   100000    70612    28420     8564.073    8549.3046    8592.5272 
     594    29.622987   100000    70611    28016    8559.6052    8555.1699    8594.0739 
     595     29.69493   100000    70586    28301    8572.2788    8546.4804    8584.2449 
     596    29.771722   100000    70623    27972    8551.4059    8569.6541    8592.7801 
     597    29.838548   100000    70609    27993    8553.1711    8565.5618    8593.6019 
     598    29.909355   100000    70618    28117    8559.1227    8554.3664    8596.6033 
     599    29.971684   100000    70596    27971    8565.0968    8545.6657    8595.7608 
     600    30.035717   100000    70636    28120    8554.0479    8559.7459     8598.475 
     601    30.101015   100000    70589    28264    8571.5374    8536.6367     8593.841 
     602    30.161296   100000    70626    28244    8550.2301    8560.3608    8603.3263 
     603     30.22097   100000    70588    28043    8547.7462    8560.0182    8607.2751 
     604    30.278601   100000    70592    28282    8533.7851    8568.0232    8620.4059 
     605    30.335151   100000    70588    28267    8530.8787     8570.815    8621.7185 
     606    30.408331   100000    70589    28180    8528.0815    8580.7966    8616.2987 
     607    30.480028   100000    70641    28236    8525.0679    8580.7995    8620.3502 
     608    30.557199   100000    70598    28146    8530.9245    8576.3433    8616.6055 
     609    30.611346   100000    70608    28048    8534.2757    8572.7841    8613.6085 
     610    30.664858   100000    70581    28139     8531.681    8571.4566    8619.5529 
     611    30.731978   100000    70614    28210    8540.4445    8570.3503      8607.47 
     612    30.789212   100000    70582    28320    8555.1583    8552.0404     8603.805 
     613    30.850463   100000    70588    28206    8552.9481    8564.7623    8594.7485 
     614    30.912322   100000    70601    28136    8553.1945    8564.3221    8595.2347 
     615    30.979941   100000    70598    28156    8559.7761    8563.0991     8586.341 
     616    31.039318   100000    70596    28141    8554.7897    8571.2461    8584.7517 
     617    31.091277   100000    70609    28189    8550.5085    8576.2431    8587.2885 
     618    31.146683   100000    70635    28241    8543.0254    8581.6763    8592.3859 
     619    31.199439   100000    70639    28223    8542.4231    8584.3625    8590.7547 
     620    31.254813   100000    70588    28015    8556.2869    8560.3911    8593.3219 
     621    31.308141   100000    70593    28196    8567.7338    8556.6496    8580.8595 
     622    31.363959   100000    70632    28134    8569.2826    8560.5677    8574.8398 
     623     31.41315   100000    70578    28108    8555.9871    8585.8585    8568.6479 
     624    31.474049   100000    70631    28272    8559.8058    8585.1712    8563.4318 
     625    31.528925   100000    70628    28135    8582.1774    8563.5955    8552.4401 
     626    31.588027   100000    70590    28031    8566.8116    8575.4133    8563.1309 
     627    31.638796   100000    70608    28080    8560.9825    8580.3365    8566.7047 
     628    31.693977   100000    70622    28161    8555.6195    8584.1632    8572.1969 
     629    31.749424   100000    70610    28290     8569.905    8560.6225    8573.9226 
     630    31.809434   100000    70585    28225    8584.5782    8548.6884    8563.8898 
     631    31.860978   100000    70608    28192    8581.8145    8548.1201    8567.8522 
     632    31.916204   100000    70589    28241    8574.1434    8560.4933    8567.0523 
     633    31.966863   100000    70615    28008    8572.0035    8567.2596    8564.2178 
     634    32.014539   100000    70636    27971    8551.2033     8591.367    8570.6129 
     635    32.068931   100000    70596    28266    8530.3708    8604.5961    8587.0536 
     636    32.121558   100000    70610    27758    8523.8037    8616.1623    8587.0626 
     637    32.170421   100000    70599    28278    8531.6803    8609.5511    8582.2049 
     638    32.220013   100000    70610    28495    8542.4093     8593.921    8581.4394 
     639    32.300905   100000    70627    28105    8559.8836    8568.9901    8580.8171 
     640    32.362281   100000    70590    28234    8571.0714    8560.7394    8572.1523 
     641    32.410018   100000    70622    28130    8565.7436    8561.9774      8578.49 
     642    32.467949   100000    70577    28145    8562.1673    8570.7949      8575.64 
     643    32.532657   100000    70637    28280    8569.8285    8572.2048    8561.5473 
     644    32.608391   100000    70639    28281    8564.1264    8569.6316    8573.3573 
     645    32.671052   100000    70584    28279    8559.5494    8574.1162     8575.709 
     646    32.738129   100000    70582    27999    8560.8884    8571.0637     8577.266 
     647    32.801015   100000    70593    28141    8556.8788    8573.9034    8580.3472 
     648    32.866616   100000    70594    28109    8546.8962    8590.1592      8578.11 
     649    32.933009   100000    70599    28166    8541.8633    8598.3948    8578.1112 
     650    32.995242   100000    70643    28261    8539.7952     8600.467    8578.2279 
     651    33.050525   100000    70604    28221    8549.8434    8576.2354    8587.4519 
     652    33.107386   100000    70602    28193    8556.1945    8567.0277    8588.2085 
     653    33.168092   100000    70605    28545    8552.6133    8571.6372    8588.1338 
     654    33.219213   100000    70608    28379    8550.9177    8569.2599    8593.4006 
     655     33.26959   100000    70629    28120    8544.8596    8571.8119    8599.7332 
     656    33.319863   100000    70596    28368    8542.4672    8579.5761    8595.2732 
     657    33.367761   100000    70627    28181     8547.963    8577.1411    8590.4056 
     658    33.415621   100000    70608    28283    8543.4297    8581.4218    8592.2777 
     659    33.467778   100000    70622    28141    8551.6105    8574.4327    8587.3372 
     660    33.517474   100000    70615    28183    8562.2634    8565.2012    8580.3601 
     661    33.571893   100000    70624    28514    8564.6177    8560.0804    8582.2411 
     662    33.625337   100000    70612    28103    8570.1744    8547.1619    8587.2735 
     663    33.680997   100000    70570    28361    8569.9105     8545.965    8587.6766 
     664    33.733842   100000    70596    28287    8564.3827    8543.6556    8598.6294 
     665    33.785138   100000    70576    28287    8555.4198    8554.5915    8601.3071 
     666    33.840475   100000    70583    28307    8550.6665    8561.5236    8600.8642 
     667    33.898525   100000    70621    28288    8560.2752    8547.4276    8600.8406 
     668    33.955713   100000    70615    28144    8558.8394    8553.0785    8596.8035 
     669    34.007939   100000    70618    28109    8575.1044    8534.3031    8591.1551 
     670    34.068452   100000    70647    28257    8576.1008    8540.2158    8585.4496 
     671    34.117625   100000    70587    28115     8576.055    8530.1477    8594.7873 
     672    34.171424   100000    70670    28136    8569.2846    8531.6957    8603.8638 
     673    34.226837   100000    70570    28331    8569.6475     8536.949    8597.3203 
     674    34.285584   100000    70582    28259    8565.5918    8541.7042    8598.4027 
     675    34.339528   100000    70636    28208    8575.9967       8527.1    8597.7314 
     676    34.394296   100000    70615    28416    8572.1234    8546.1097    8584.4345 
     677    34.449963   100000    70603    28107    8566.9942    8545.1555    8592.6797 
     678     34.50573   100000    70590    28186    8547.2841    8570.1354    8598.2674 
     679    34.558318   100000    70589    28133    8547.1247     8562.374    8604.6454 
     680    34.610312   100000    70588    28199    8559.0738    8552.7129    8597.9419 
     681    34.662483   100000    70632    28070    8563.6977     8551.191    8592.0978 
     682    34.715489   100000    70615    28192    8557.1426    8552.5042    8600.3819 
     683     34.76598   100000    70595    28267    8564.3458    8548.5728    8594.1788 
     684    34.821137   100000    70601    28084    8562.0156    8562.1513    8583.7112 
     685    34.874129   100000    70590    28389     8561.124    8565.4406    8581.3188 
     686    34.929033   100000    70661    28213    8546.4377    8596.4201    8572.1455 
     687    34.984508   100000    70594    28017    8562.1473    8577.2582     8568.248 
     688    35.040305   100000    70602    28235    8553.0911    8587.2637    8572.5295 
     689    35.100757   100000    70622    28163    8565.4761    8576.4879    8564.3418 
     690    35.156727   100000    70601    28153    8558.9413    8587.1665    8562.4563 
     691    35.207966   100000    70611    28100    8566.9616    8585.2479     8552.486 
     692    35.260469   100000    70597    28407    8582.6201    8571.7082    8542.6763 
     693    35.317041   100000    70591    28390    8592.6928     8560.023    8539.7733 
     694    35.369606   100000    70623    28431    8583.4943    8557.6012    8556.1822 
     695    35.422483   100000    70600    28393     8575.614    8566.7574    8558.5987 
     696    35.480999   100000    70595    28383    8576.5479    8564.4316    8559.8897 
     697     35.53508   100000    70583    28352    8560.1687    8582.9612    8565.2027 
     698    35.593725   100000    70598    28286    8567.6144    8580.5962    8556.8362 
     699    35.646887   100000    70604    28333    8573.3051    8567.5494    8561.7736 
     700    35.697057   100000    70618    27963    8568.6174    8571.0904    8564.6328 
     701    35.751342   100000    70592    28199    8578.3385    8561.8487    8558.4956 
     702    35.802133   100000    70627    28326    8579.6482    8549.3023    8569.8927 
     703    35.854437   100000    70626    28385    8575.0738    8559.7825    8567.1862 
     704    35.907364   100000    70604    27990    8565.5209    8577.0574    8564.1856 
     705    35.959813   100000    70591    28245    8569.5254    8568.7275    8566.4778 
     706    36.012371   100000    70603    28497     8553.073    8587.6283    8572.3333 
     707    36.068712   100000    70602    28316    8572.1584    8567.3372    8562.9944 
     708    36.123152   100000    70617    28275    8580.2753    8556.5512    8562.0609 
     709    36.180519   100000    70593    28081    8572.1659    8563.4481    8567.3256 
     710    36.237504   100000    70621    27975    8567.9932    8571.8127    8564.7398 
     711    36.294266   100000    70578    28357     8570.855     8578.405    8554.5438 
     712    36.357908   100000    70626    28032    8583.9807    8560.1669    8553.3946 
     713    36.411962   100000    70616    28176    8575.3545    8576.0748    8549.2263 
     714     36.46759   100000    70595    28313    8573.1947    8577.4887    8552.2983 
     715    36.529767   100000    70588    28535    8559.6919    8599.1601    8549.9863 
     716    36.591599   100000    70605    28188    8572.3633    8574.4697    8556.0023 
     717    36.648645   100000    70603    28299     8568.765    8575.5585    8560.3345 
     718    36.702853   100000    70619    28096    8572.5567     8581.736    8548.0585 
     719    36.762193   100000    70590    28274    8574.0159    8578.9394    8547.9533 
     720    36.822161   100000    70615    28034    8571.1557    8578.1437    8552.7666 
     721    36.890381   100000    70585    28147    8556.6817    8600.0507    8554.8832 
     722    36.954292   100000    70608    28194    8548.3419    8604.7996    8562.3993 
     723    37.015712   100000    70622    28314    8554.6648    8603.1855    8554.4011 
     724    37.082171   100000    70634    28221    8556.8997    8597.3459    8555.2479 
     725    37.146293   100000    70601    28083     8551.621    8608.5137    8553.0629 
     726    37.200237   100000    70607    28068    8556.7115    8601.6832    8553.1981 
     727    37.262008   100000    70595    28194    8561.0196    8590.3068    8556.3308 
     728     37.32393   100000    70627    28094    8561.2064    8590.9535    8556.2129 
     729    37.379683   100000    70623    28311    8575.8064    8569.1194     8555.972 
     730    37.435366   100000    70590    28256    8580.6565    8567.3255    8550.3105 
     731    37.487809   100000    70596    28191    8591.4371    8555.9822    8544.8295 
     732    37.545971   100000    70591    28247    8584.7756    8567.7782    8543.9095 
     733    37.602771   100000    70628    28300    8577.6446    8574.1291    8548.5838 
     734    37.658088   100000    70590    28669    8567.6342     8581.723    8555.9304 
     735    37.709371   100000    70598    28106    8569.1784    8585.1362    8549.5186 
     736    37.767625   100000    70602    28068    8580.4581     8575.941    8543.0547 
     737    37.828543   100000    70627    28120    8576.9904    8574.0626    8549.0679 
     738    37.880117   100000    70613    28139    8574.9086    8579.7358    8547.5004 
     739    37.936094   100000    70655    28243    8571.5074    8575.1085    8555.5624 
     740    37.987221   100000    70613    28308    8557.7679    8593.6983    8558.4834 
     741    38.040181   100000    70611    28305    8540.5953    8611.8944    8566.3862 
     742    38.098896   100000    70579    28390    8540.4451    8618.5873    8559.7803 
     743    38.153546   100000    70619    28256    8543.4573    8618.2893    8555.5878 
     744    38.205842   100000    70587    28020    8533.0292    8634.7946    8554.1012 
     745    38.256176   100000    70599    28289    8528.3817    8633.6215    8562.0936 
     746    38.308807   100000    70596    28039    8533.3812    8620.9764    8568.4543 
     747    38.364614   100000    70635    28146    8549.3768    8598.2988    8566.3088 
     748    38.416514   100000    70582    28251    8554.5009    8584.8249    8572.5813 
     749    38.475202   100000    70632    28395     8542.913     8602.973      8571.76 
     750    38.531602   100000    70599    28234    8540.5639    8604.0222    8573.9269 
     751    38.585425   100000    70609    28094    8540.0639    8612.1527    8566.3004 
     752     38.63775   100000    70618    28171    8543.2066    8610.1016     8563.295 
     753    38.699725   100000    70610    28477    8537.6946    8623.4578    8558.9348 
     754    38.754612   100000    70617    28291    8531.7458     8629.506    8561.2189 
     755     38.81078   100000    70630    28147    8531.8963    8624.7732    8566.8282 
     756    38.864516   100000    70640    28196    8535.9054    8618.8215    8566.0016 
     757    38.917139   100000    70569    28119    8532.7873     8607.743    8582.4894 
     758    38.970665   100000    70576    28200    8541.8689     8604.525    8571.3796 
     759    39.023413   100000    70623    28129    8542.9293    8601.5284    8573.8464 
     760    39.075453   100000    70587    28303    8535.3431    8607.4751    8578.1472 
     761    39.123425   100000    70604    28107    8545.6089     8598.608    8572.6943 
     762    39.171872   100000    70601    28092    8547.3341    8589.0456    8579.5585 
     763    39.230381   100000    70601    28249     8549.762    8586.2264    8578.0783 
     764    39.280406   100000    70599    28125    8566.4174    8560.6636    8578.9692 
     765    39.331025   100000    70596    28099    8563.2073    8562.1155    8582.0685 
     766    39.382567   100000    70629    28205    8553.5201    8576.0877    8582.4343 
     767    39.431597   100000    70622    28165    8548.5687    8589.2622    8576.6625 
     768    39.486523   100000    70620    28127    8565.7224    8566.6138    8573.8749 
     769    39.535326   100000    70587    27921    8569.6308    8553.3458    8580.8563 
     770    39.587292   100000    70597    27898    8551.7524    8574.7547    8586.6478 
     771    39.637749   100000    70585    28178    8549.1236    8582.9753    8581.7533 
     772    39.693411   100000    70614    28192    8545.0646    8582.6614    8588.8113 
     773    39.750334   100000    70631    28377    8555.5772    8572.8021    8582.5838 
     774    39.800527   100000    70606    28333    8554.0942    8571.7283    8586.5548 
     775    39.848984   100000    70612    28334    8560.4446    8566.7139    8581.7806 
     776    39.905465   100000    70594    28170    8565.7329    8567.3508     8573.018 
     777    39.956944   100000    70591    28206    8580.4376    8557.4817    8559.2103 
     778     40.00771   100000    70609    28403    8568.5024    8569.9118    8566.5318 
     779    40.058714   100000    70617    28168     8567.001    8572.3543    8566.1461 
     780    40.108257   100000    70589    28126    8568.2467    8568.3324    8567.6375 
     781    40.169753   100000    70626    27978    8570.6687    8561.2359    8571.2428 
     782    40.225209   100000    70593    28124    8572.2767    8560.3417    8569.6593 
     783    40.275652   100000    70595    28267    8569.1175    8565.9344    8569.3237 
     784    40.325857   100000    70603    27973    8588.8352    8543.9522    8561.1549 
     785    40.376251   100000    70621    28227    8591.0088     8538.982    8563.1655 
     786    40.426731   100000    70626    28099    8579.9136    8553.7115    8565.5554 
     787    40.477433   100000    70602    28029    8584.8973     8555.776    8555.6493 
     788    40.527411   100000    70610    28432    8594.9094    8543.2355    8552.9197 
     789    40.581681   100000    70588    28027    8592.9653     8549.472    8550.5322 
     790    40.632657   100000    70636    28186    8586.4105     8555.327    8553.7833 
     791    40.689353   100000    70601    28342    8570.3993     8575.784    8557.4544 
     792    40.745373   100000    70579    28177    8565.4861    8581.3793    8558.5988 
     793    40.803141   100000    70592    27991    8566.6905    8575.9481     8562.875 
     794    40.856967   100000    70598    28296    8595.0715    8543.2683    8552.6614 
     795    40.914249   100000    70599    28285    8574.5384    8561.7518    8565.1622 
     796      40.9714   100000    70618    28304    8584.5399     8540.286    8572.0181 
     797    41.023288   100000    70600    28130    8593.8695    8526.2754    8571.9222 
     798    41.082051   100000    70587    28134     8596.917    8518.9603    8574.6988 
     799    41.131637   100000    70639    28254    8594.7728    8512.4064    8584.4576 
     800    41.186532   100000    70594    27965    8591.8687    8524.0693     8576.233 
     801      41.2403   100000    70585    27999    8581.3989    8536.8244    8579.0446 
     802    41.296715   100000    70575    28291    8581.5465     8533.544    8582.3794 
     803    41.358389   100000    70599    28421    8568.5884    8553.6713    8582.5657 
     804    41.419844   100000    70598    28263    8566.7407    8567.3422    8571.5495 
     805    41.476703   100000    70619    28212    8557.5737    8570.8984    8581.5959 
     806    41.529323   100000    70577    28143    8565.6793    8557.1127    8582.2518 
     807    41.579018   100000    70620    28419    8564.2505    8542.1058    8599.8689 
     808    41.634036   100000    70646    28517      8574.96    8528.0217    8598.7075 
     809    41.686527   100000    70594    28267    8578.6254    8517.1568     8604.104 
     810    41.740484   100000    70582    28282    8577.2133    8518.0454    8604.6118 
     811    41.801722   100000    70598    28232    8568.9233    8518.6265    8616.7647 
     812    41.862907   100000    70609    28259    8562.4709    8538.3362    8607.0582 
     813    41.914565   100000    70616    28272    8568.4244    8541.2263    8594.4821 
     814    41.968031   100000    70629    28430    8576.4377    8529.5066    8594.4283 
     815    42.021173   100000    70614    28445    8563.7507    8546.1502    8596.6481 
     816    42.077316   100000    70596    28336    8549.9973    8564.5752    8599.0015 
     817    42.130658   100000    70602    28121    8566.0141    8551.9029    8588.5322 
     818    42.185418   100000    70600    27940    8561.7704    8554.3753    8591.9995 
     819    42.236493   100000    70582    28225    8551.2207    8568.7585     8593.465 
     820    42.286969   100000    70581    28130    8551.0009    8568.5627    8593.6306 
     821    42.339436   100000    70615    28166    8558.3811     8559.336    8591.6077 
     822    42.393581   100000    70597    28189    8561.4386    8550.8809    8595.9164 
     823    42.444733   100000    70600    28234    8572.7994    8536.6331    8592.3959 
     824    42.501309   100000    70621    28158    8550.7285    8550.4706    8612.3707 
     825     42.55657   100000    70618    28187    8535.4308    8576.7613    8608.0507 
     826    42.608868   100000    70642    27921     8537.623    8579.8234    8603.1292 
     827    42.658413   100000    70635    28194    8529.0216    8589.6747    8605.3697 
     828    42.710207   100000    70594    28269    8522.4084    8598.3308    8607.2043 
     829    42.763206   100000    70578    28164    8525.9212    8601.5647    8597.6883 
     830    42.815395   100000    70591    28221    8544.9331    8573.1729    8599.4147 
     831    42.867763   100000    70592    28414     8553.405    8563.8975    8594.5693 
     832    42.918406   100000    70602    28109    8545.5858    8575.1329    8595.5862 
     833    42.974268   100000    70614    28219    8537.6195    8586.4899    8596.4362 
     834    43.025021   100000    70620    28258    8534.3448    8598.4864    8588.9074 
     835    43.081943   100000    70598    28146    8543.1309    8585.9731     8589.683 
     836     43.12932   100000    70587    28306    8543.9021    8584.1903    8589.4782 
     837    43.181689   100000    70599    28303    8548.6814    8571.8173    8593.5255 
     838    43.230211   100000    70575    28271    8559.2683    8554.7637     8594.855 
     839     43.28052   100000    70601    28261    8559.6624    8568.3093    8582.0209 
     840    43.329642   100000    70576    28071    8554.7977    8571.6454     8584.652 
     841    43.379016   100000    70616    28112    8565.2242    8556.2566    8584.2587 
     842    43.428481   100000    70596    28058    8559.7328    8561.3111    8587.9084 
     843    43.479244   100000    70588    28313    8546.8887    8573.6263    8594.9862 
     844    43.531237   100000    70590    27999    8554.1179    8580.3992    8577.8889 
     845    43.579556   100000    70607    28009     8545.791    8593.3773    8576.8071 
     846     43.63149   100000    70586    28140    8562.9672    8571.2339    8573.7057 
     847    43.684589   100000    70618    28095    8568.6283    8574.3069    8561.8374 
     848    43.734056   100000    70593    28287    8562.2131     8584.902    8560.6578 
     849    43.782213   100000    70639    28155     8573.248    8577.7604     8552.182 
     850    43.829105   100000    70608    28180    8567.3038    8590.0528    8548.1376 
     851    43.878388   100000    70588    28087    8556.1857     8609.773    8545.3489 
     852    43.928233   100000    70610    28402    8560.0687    8605.6333     8543.495 
     853    43.976292   100000    70594    28364    8561.3682     8606.337    8540.1875 
     854    44.029344   100000    70584    28296      8575.79    8587.9136    8536.7464 
     855    44.088036   100000    70599    28265    8581.6919    8582.4341    8534.1261 
     856    44.143883   100000    70583    28258    8578.6159     8576.813    8543.5652 
     857    44.197047   100000    70575    28125    8558.1444    8602.0611    8549.0146 
     858    44.248136   100000    70589    28169    8567.3422    8589.2033    8548.4081 
     859    44.298053   100000    70562    28299    8569.4479    8596.4763     8538.424 
     860    44.348623   100000    70605    28323    8575.4402    8582.5462    8543.8122 
     861    44.401291   100000    70619    28310    8558.9013    8596.4679    8553.7672 
     862    44.452543   100000    70584    28268     8573.732    8570.9687    8557.1081 
     863    44.504755   100000    70588    28181    8574.6967    8561.8807    8565.9571 
     864    44.558457   100000    70626    28064    8579.7495    8553.1053    8565.9341 
     865    44.610823   100000    70610    28229    8590.6928    8543.3359    8559.6165 
     866    44.660973   100000    70600    28006    8577.4993    8554.0979    8568.9613 
     867    44.712385   100000    70619    28212    8575.7407    8555.9674      8569.28 
     868    44.762072   100000    70618    28411    8591.0444    8542.0068    8560.2156 
     869    44.813517   100000    70581    28242    8595.6308    8551.1652    8543.6323 
     870    44.865889   100000    70576    28187    8579.5618    8570.8148    8548.4467 
     871    44.921903   100000    70605    28163    8575.9117    8572.7045    8552.8886 
     872     44.97519   100000    70590    28186    8572.1137    8568.7893    8562.1803 
     873    45.027512   100000    70605    28391    8577.6009    8565.1955    8557.4237 
     874    45.080973   100000    70603    28178     8578.571    8568.6109    8551.2848 
     875    45.129619   100000    70621    28390     8580.563    8558.5974    8560.1459 
     876    45.179274   100000    70622    28156    8582.3977    8550.8545    8564.1728 
     877    45.230097   100000    70603    28279    8563.8969     8581.776    8561.2515 
     878    45.283142   100000    70585    28389    8589.8234    8547.9491    8556.3816 
     879     45.34126   100000    70606    28625    8581.0314    8554.4933    8563.1587 
     880    45.399216   100000    70606    28269    8551.8675    8594.9034    8566.0451 
     881     45.45044   100000    70635    28205    8560.5604    8591.2562    8556.6591 
     882    45.506914   100000    70596    28204    8575.5987     8571.992    8553.4039 
     883    45.560057   100000    70588    28239    8583.5554    8566.8925    8547.1219 
     884    45.609255   100000    70569    28240    8593.1432    8553.3637    8545.3176 
     885    45.658089   100000    70630    28201    8586.9654    8557.6895    8550.9666 
     886    45.709371   100000    70615    28588    8610.3832    8521.9479    8550.7001 
     887    45.758098   100000    70615    28155    8605.9401     8536.889    8543.5765 
     888    45.812125   100000    70589    28219    8601.6454    8540.3178    8546.5422 
     889    45.863264   100000    70576    28412    8594.8517    8548.4499    8548.3823 
     890    45.916976   100000    70631    27992    8586.7576    8560.5271    8548.0665 
     891    45.965872   100000    70577    28204    8575.2245    8571.8659     8553.818 
     892    46.017241   100000    70599    28277    8574.2747    8570.7447    8557.4774 
     893    46.072239   100000    70612    28217     8560.806    8579.4045    8567.8576 
     894    46.133927   100000    70617    28380    8566.2069    8564.7461    8574.3848 
     895    46.189407   100000    70599    28346     8568.781    8563.9758    8571.8635 
     896    46.250151   100000    70611    28096     8560.667    8570.7896    8577.8177 
     897    46.306783   100000    70587    28111    8546.7492    8583.2513    8585.3247 
     898    46.362414   100000    70628    28155    8549.4776    8586.0366    8578.4494 
     899    46.413347   100000    70638    28301    8556.2727    8582.0282    8571.7021 
     900      46.4675   100000    70606    27883    8552.1746    8583.6171     8577.732 
     901    46.522321   100000    70587    28071    8560.7174    8578.2408    8570.2737 
     902    46.572754   100000    70619    28305    8559.5638    8580.7665    8568.0698 
     903     46.62136   100000    70574    28167     8563.964    8578.6695      8564.09 
     904    46.672287   100000    70567    28293    8562.3412    8576.4166    8568.8573 
     905    46.726277   100000    70624    28248    8559.3072    8583.4841    8567.2693 
     906    46.780144   100000    70641    28488    8561.6907    8582.7266    8563.0682 
     907    46.829155   100000    70621    28394     8553.565    8598.0965    8561.0419 
     908    46.882692   100000    70622    28180    8561.5406    8601.0469    8545.6398 
     909    46.935586   100000    70593    28227    8556.2684    8603.3084    8550.7127 
     910    46.987965   100000    70612    28171    8556.9918     8605.313    8548.1157 
     911    47.046445   100000    70573    28301    8565.5664    8590.6009    8549.4989 
     912    47.102735   100000    70606    28191    8551.1558    8611.3781    8550.3151 
     913    47.155418   100000    70604    28339    8556.0536    8597.3237    8557.6116 
     914    47.212449   100000    70596    28454    8573.1099     8582.435    8546.8398 
     915    47.275588   100000    70614    28437    8566.2569    8587.5593    8550.9597 
     916    47.334794   100000    70646    28369    8574.9163    8571.1528    8555.6651 
     917    47.403379   100000    70611    28083    8580.3102     8571.595    8545.4002 
     918    47.467259   100000    70617    28236    8581.1076    8576.0435    8541.7505 
     919    47.527416   100000    70591    28403    8560.2656     8602.592    8546.6755 
     920    47.584767   100000    70615    28347    8557.3674    8601.3267    8551.9864 
     921    47.635447   100000    70577    28048    8560.8617    8595.9266    8551.5309 
     922    47.687233   100000    70596    28239    8568.2582    8585.1679    8551.9057 
     923    47.736764   100000    70585    28280    8571.1423    8579.0842    8553.7165 
     924    47.789468   100000    70580    28085    8581.7478    8567.2722    8550.0178 
     925    47.848151   100000    70593    28085    8581.8718    8563.0213    8551.9656 
     926    47.905598   100000    70607    28290    8568.1391    8577.7771    8558.7316 
     927    47.955793   100000    70612    28159    8563.5375    8599.7332    8544.4465 
     928    48.005581   100000    70597    28165     8556.889    8613.0457    8540.6672 
     929    48.059339   100000    70578    28174    8560.2569    8611.9943    8537.1677 
     930    48.109874   100000    70608    28078    8563.1505    8594.3164    8550.1095 
     931     48.15956   100000    70615    28044    8564.5673    8591.7334    8549.9039 
     932    48.216481   100000    70595    28120    8559.7664    8597.5939    8551.8496 
     933    48.274816   100000    70602    28206    8562.2354    8593.4911    8552.0447 
     934    48.329342   100000    70615    28481    8574.7643    8580.9768    8545.5079 
     935    48.385632   100000    70568    27941     8577.605    8567.9496    8554.7212 
     936    48.440981   100000    70579    28123    8579.3429    8573.9152    8545.5834 
     937    48.493022   100000    70636    28369    8591.5975     8545.914    8554.3031 
     938    48.545122   100000    70594    28273    8587.6713    8541.6805    8565.9375 
     939     48.60139   100000    70605    27992    8584.7449    8548.4923    8562.6858 
     940    48.656355   100000    70624    28295    8587.8484    8563.4525    8543.4194 
     941    48.711552   100000    70596    28206    8583.8463    8570.4301    8542.7638 
     942    48.766131   100000    70567    28147    8590.8638    8562.4239    8540.6901 
     943    48.814687   100000    70617    28337    8575.9782    8586.4481    8538.8333 
     944    48.864626   100000    70614    28238    8577.9737    8580.3241    8541.7232 
     945    48.919335   100000    70623    27951    8573.2583    8589.3044    8539.9693 
     946    48.972719   100000    70609    28097    8576.5082    8581.5317    8542.3246 
     947    49.028708   100000    70653    27993    8578.0613     8580.523    8541.2605 
     948    49.084459   100000    70612    28193    8595.1375    8562.5716    8533.8489 
     949    49.133921   100000    70648    28317    8595.1399    8570.7281    8523.8721 
     950    49.185413   100000    70616    28042    8598.6546     8577.596    8513.1124 
     951    49.234483   100000    70625    28234    8583.9797    8600.4625     8512.991 
     952    49.287858   100000    70612    28102    8585.8164    8601.8325    8508.5238 
     953     49.33965   100000    70634    28110    8576.3547     8621.349    8502.6644 
     954    49.389802   100000    70607    28229    8578.9151    8626.8936     8494.296 
     955    49.448087   100000    70616    28290    8584.9573    8616.9146    8494.8457 
     956    49.506952   100000    70599    28180    8579.1691    8613.0471    8507.1072 
     957    49.560376   100000    70624    28034    8591.4816    8590.4817    8511.3735 
     958    49.611593   100000    70618    28152    8582.2151    8601.2124    8513.9163 
     959    49.663582   100000    70624    28116    8587.7771    8595.1662    8512.6039 
     960    49.714141   100000    70615    28269    8586.0947    8591.2742    8517.9999 
     961    49.762481   100000    70601    27898    8587.3089    8589.5517    8519.3989 
     962     49.81612   100000    70599    28211    8575.0887    8603.2869    8522.6123 
     963    49.870214   100000    70621    28515    8579.7895    8584.2068    8536.2521 
     964    49.922203   100000    70589    28303    8577.2173    8580.7327    8542.1794 
     965    49.969274   100000    70640    27979    8596.2526    8564.5433    8530.1288 
     966    50.017806   100000    70600    28129    8590.8899    8570.3148    8533.1337 
     967    50.071865   100000    70618    28285    8581.6155    8580.0298    8536.1061 
     968    50.119043   100000    70591    28169    8591.8619    8562.4522    8538.5199 
     969    50.169374   100000    70592    28212    8584.7571    8569.1241    8542.5068 
     970    50.216665   100000    70595    28173    8581.4845    8575.9165     8540.018 
     971    50.266203   100000    70606    28321    8576.9576    8588.9499    8534.6632 
     972    50.320077   100000    70598    28206    8578.6412    8577.1906    8543.9965 
     973    50.382784   100000    70617    28309    8582.4248    8565.4941    8550.3485 
     974    50.440248   100000    70588    28371    8574.5853    8565.9508    8560.9444 
     975    50.491007   100000    70614    28074    8577.4426    8553.5193    8569.0469 
     976    50.546346   100000    70607    28218    8577.9932    8565.4465    8555.9595 
     977    50.601703   100000    70589    28117     8586.448    8549.9527    8559.7713 
     978    50.653039   100000    70611    28441    8577.6768    8556.3602    8566.6992 
     979    50.703274   100000    70592    28263    8560.5609    8571.8548    8574.9943 
     980    50.753051   100000    70610    28193    8559.0611    8577.6945    8572.5323 
     981    50.801103   100000    70604    28065    8564.2445     8582.006    8561.0539 
     982    50.852344   100000    70607    28350    8564.3386    8576.7613    8565.7693 
     983    50.903894   100000    70610    28103    8564.6899    8567.2701    8574.5444 
     984    50.953934   100000    70641    28308    8562.7664    8565.5167    8578.9073 
     985    51.002976   100000    70594    28189    8554.1457    8584.5701    8573.2701 
     986    51.057507   100000    70623    28222    8550.5813    8584.5705    8578.2386 
     987    51.109104   100000    70615    28368    8553.7076    8586.8462    8571.2636 
     988    51.160475   100000    70625    28392    8541.5772    8594.2855    8582.5956 
     989    51.214691   100000    70588    28307    8558.6655    8589.2442    8561.8483 
     990    51.266799   100000    70636    28072    8562.3305    8569.4714    8575.1538 
     991    51.314291   100000    70635    28277    8562.4875    8567.6907    8577.5425 
     992    51.363374   100000    70622    28252    8563.3152    8568.6689    8575.3943 
     993    51.412068   100000    70589    28181    8555.6495    8588.1113    8567.1348 
     994    51.464909   100000    70607    28115    8548.0119     8595.721    8571.7407 
     995    51.516813   100000    70597    28406     8559.201    8579.2312    8570.5515 
     996    51.567283   100000    70580    28535    8561.9769    8571.0848    8575.3845 
     997    51.615049   100000    70653    28142    8575.2539    8560.3831    8566.4382 
     998    51.670471   100000    70586    28176    8567.5921    8567.9599    8569.0746 
     999     51.71569   100000    70604    28253    8571.7209    8577.4064     8553.765 
    1000    51.765909   100000    70605    28246    8563.4758    8588.6634     8554.946 