Step CPU Np Natt Ncoll c_St c_Sr c_Sv 
       0            0   100000        0        0    19978.625    10.033325    10.002282 
       1  0.068248987   100000    12577     7178    19766.885    257.99017    78.447566 
       2   0.13433909   100000    67612    34890    18780.768    1426.1651    389.02262 
       3     0.194242   100000    70315    35017    17918.931    2430.7177    679.95245 
       4   0.25528002   100000    71504    34654    17107.762    3362.0761     964.0586 
       5   0.32383299   100000    71902    34001    16394.948    4154.9013    1240.4391 
       6   0.40713406   100000    72663    34052    15754.094    4862.6956    1494.0498 
       7   0.48223209   100000    72869    33686    15172.285     5495.102    1734.8173 
       8   0.56111598   100000    72891    33476    14648.769    6054.9468     1960.412 
       9   0.64602208   100000    72861    32985     14185.71    6527.3201    2182.8086 
      10   0.71133208   100000    72832    32563    13773.236    6945.8079    2382.8005 
      11   0.76725316   100000    72848    32575    13393.318    7324.1874    2573.6124 
      12   0.82313108   100000    72861    32316    13051.205    7669.0055    2742.3929 
      13   0.88007998   100000    72879    31960    12724.332    7973.7984    2926.4824 
      14   0.93825603   100000    72860    31618    12447.641    8235.0557    3082.2853 
      15   0.99154305   100000    72858    31555     12186.51    8466.0401    3242.7781 
      16    1.0428152   100000    72853    31448     11944.31    8686.7958    3385.8019 
      17     1.109308   100000    72870    31013    11719.011    8892.1386    3518.0448 
      18     1.165524   100000    72864    30846     11525.37    9055.8132     3643.267 
      19    1.2180221   100000    72882    30712    11347.363    9192.5608    3774.0938 
      20     1.267575   100000    72871    30577    11182.841    9319.5791    3894.7515 
      21     1.319165   100000    72862    30373    11043.587     9420.247    4002.3104 
      22    1.3707781   100000    72849    30303    10918.381    9498.9994    4111.8093 
      23       1.4238   100000    72874    30134    10815.415    9554.6473    4210.5334 
      24     1.471807   100000    72860    30214    10702.567    9626.4955    4308.6738 
      25    1.5190232   100000    72857    30153    10589.368    9699.2147    4405.2855 
      26    1.5637012   100000    72870    30124    10489.018    9763.0542    4492.2405 
      27    1.6147912   100000    72860    29778    10401.529    9812.2446    4574.4457 
      28    1.6692221   100000    72865    29967    10311.705    9856.1821    4664.9325 
      29     1.724169   100000    72877    29895    10224.799    9896.2372    4755.7279 
      30     1.779449   100000    72867    29649    10149.937    9926.5575    4837.5328 
      31    1.8348172   100000    72893    29767    10079.044    9949.0303    4921.5015 
      32    1.8873191   100000    72850    29639    10016.875    9959.5105    5003.4334 
      33    1.9391441   100000    72869    29744    9965.5766    9960.0895    5081.1477 
      34    1.9971912   100000    72866    29503    9921.3017    9955.4994    5151.2919 
      35    2.0493422   100000    72854    29619    9877.6107    9949.0735    5222.0812 
      36    2.1039882   100000    72850    29321    9830.8418    9947.1693    5296.0992 
      37     2.152473   100000    72873    29208    9786.9349    9951.0576    5357.5564 
      38     2.203738   100000    72858    29315    9755.2829    9934.0412    5421.5029 
      39    2.2462881   100000    72838    29354    9714.7403    9941.3777    5475.0638 
      40     2.292912   100000    72869    29342    9690.6261    9914.2857    5537.5901 
      41     2.337115   100000    72861    29295    9649.6266    9914.4875    5600.4315 
      42      2.38152   100000    72862    29436     9629.778    9893.6909    5650.9602 
      43    2.4289222   100000    72879    28894    9596.7463    9881.0929    5712.8643 
      44     2.478955   100000    72861    29253    9561.2598    9872.0912    5774.7476 
      45    2.5304642   100000    72868    29071    9529.9381    9869.4585    5824.5239 
      46     2.584213   100000    72845    29052    9521.3518    9833.0468     5873.313 
      47    2.6348982   100000    72896    29055    9487.8553    9829.5939    5927.4366 
      48    2.6898072   100000    72856    29236    9482.5536    9793.3499    5972.1523 
      49    2.7410731   100000    72864    29108    9468.1942    9763.2141    6023.4247 
      50    2.7913282   100000    72857    29147    9444.8682    9760.4199     6062.184 
      51    2.8414662   100000    72880    29187    9423.9867    9746.1737    6106.9502 
      52     2.890223   100000    72847    28982    9406.4502    9733.5989    6144.6739 
      53    2.9333141   100000    72875    28907     9379.685    9726.6055    6192.7677 
      54    2.9831431   100000    72865    29092    9365.4018    9706.4286    6234.7811 
      55    3.0317571   100000    72841    28990     9344.092    9690.6095    6281.4153 
      56     3.082185   100000    72846    29038     9323.152    9678.5165    6325.8526 
      57    3.1294391   100000    72861    28980     9312.416    9652.2243    6367.3093 
      58    3.1747632   100000    72858    28836    9293.4485    9641.3018    6407.1133 
      59    3.2229421   100000    72848    29022    9292.8747    9610.2812     6439.079 
      60     3.273123   100000    72877    29124    9280.1461    9589.8691    6478.5711 
      61    3.3165131   100000    72873    28822    9270.5455    9566.0615     6517.543 
      62    3.3608611   100000    72874    28859    9245.7655    9569.5035    6550.6564 
      63     3.408602   100000    72861    28892    9230.4671    9549.6864    6593.3194 
      64     3.458678   100000    72892    28960    9213.2916    9541.5368    6626.9704 
      65    3.5084691   100000    72861    28891    9209.7179    9521.8055    6652.9564 
      66    3.5545392   100000    72884    28882    9196.7641    9509.4675    6685.0022 
      67    3.6014102   100000    72882    28774    9183.1805    9491.4076    6722.6666 
      68     3.648721   100000    72870    28650    9180.5507     9465.856    6752.2313 
      69    3.6981752   100000    72856    28615    9168.4023    9444.2464    6792.0282 
      70     3.748692   100000    72870    28765    9161.9836    9423.6786    6822.2281 
      71    3.7975152   100000    72868    28985    9150.7874    9410.8619    6851.7985 
      72    3.8493571   100000    72874    28829    9133.7344     9402.123    6885.8924 
      73    3.8975241   100000    72854    28916    9132.3944    9382.8245     6907.818 
      74    3.9485991   100000    72867    28895    9117.6815    9382.2967    6929.5554 
      75    3.9953072   100000    72865    28777    9108.2245    9372.9071    6953.3267 
      76    4.0475872   100000    72868    28661    9094.1098    9364.3263     6982.892 
      77     4.094898   100000    72861    28638    9086.9934    9352.3046     7005.962 
      78     4.143332   100000    72855    28583    9082.7847    9334.6113     7029.814 
      79    4.1933792   100000    72861    28551    9070.9915    9326.8613    7055.7604 
      80    4.2382431   100000    72865    28663    9073.0293    9297.2747    7082.0324 
      81    4.2845972   100000    72867    28484    9066.4196    9275.0648     7114.321 
      82     4.339571   100000    72893    28628     9053.414    9266.8968    7142.7365 
      83    4.3876362   100000    72875    28611    9042.0228    9256.6237    7169.8502 
      84    4.4323981   100000    72868    28767     9029.284    9248.2479    7196.2454 
      85    4.4831872   100000    72877    28439    9010.4941    9261.7487    7211.6271 
      86    4.5376911   100000    72845    28661    9003.3934    9250.8164    7232.0198 
      87    4.5961761   100000    72860    28633    9011.7309    9222.9507    7248.9737 
      88    4.6468022   100000    72873    28617    9004.9027    9208.6348    7272.8281 
      89    4.6934352   100000    72857    28534    8991.8327    9198.9632    7302.3876 
      90    4.7426641   100000    72859    28430    8987.8524     9192.292    7315.0098 
      91     4.788852   100000    72865    28430    8985.0683    9179.7469    7331.7684 
      92    4.8435762   100000    72851    28652    8975.1111    9175.3901    7350.6405 
      93     4.899261   100000    72865    28747    8971.6674    9165.2146    7365.7385 
      94    4.9547501   100000    72872    28668    8958.5399    9160.3413     7391.446 
      95    5.0070341   100000    72865    28695    8946.2923    9158.9887    7410.9319 
      96    5.0549252   100000    72847    28409    8933.7834    9149.7676    7437.8687 
      97    5.1004181   100000    72865    28467     8929.603    9143.0201    7452.1705 
      98    5.1467271   100000    72840    28751    8922.0842    9123.0702    7482.3975 
      99    5.1929121   100000    72858    28403    8909.3639    9129.6329    7494.8764 
     100    5.2427802   100000    72848    28443    8911.0941    9101.4978    7522.0395 
     101     5.291368   100000    72865    28375    8914.9399    9076.8449    7540.3297 
     102     5.346405   100000    72846    28626    8908.4426    9064.1299    7562.5778 
     103     5.404093   100000    72883    28603    8904.1232    9053.0563    7578.9249 
     104    5.4551511   100000    72859    28220    8891.1075    9052.6344    7599.4491 
     105     5.501513   100000    72885    28505     8890.712    9041.0658    7611.3768 
     106    5.5522771   100000    72881    28462    8889.7563    9036.4398    7618.5286 
     107    5.5990682   100000    72861    28596    8875.8381    9036.2614    7638.2893 
     108      5.65295   100000    72855    28474    8869.4043    9028.6466    7656.1601 
     109     5.712383   100000    72855    28617    8863.2833    9021.3733    7671.8522 
     110     5.763587   100000    72886    28331    8858.9669    9011.3234    7689.6971 
     111    5.8173201   100000    72864    28629    8850.4604    8999.5536    7714.2549 
     112    5.8708272   100000    72865    28500    8844.9334    8996.3197     7725.593 
     113     5.927042   100000    72858    28768     8837.566    8995.5832    7737.0912 
     114    5.9881592   100000    72877    28560    8848.4903    8966.8729    7749.1803 
     115    6.0411901   100000    72865    28496    8832.5746    8962.3165    7777.8346 
     116    6.1024761   100000    72871    28422    8839.3534    8943.8065    7786.0187 
     117    6.1537662   100000    72855    28603    8830.4616    8943.6678    7798.8141 
     118     6.205961   100000    72881    28212    8822.3709    8944.6607    7810.3989 
     119    6.2588561   100000    72865    28657    8821.6219    8938.7475    7818.0281 
     120    6.3171902   100000    72855    28464    8825.2666    8924.0983    7826.6387 
     121    6.3764441   100000    72850    28605    8821.9268    8915.4196    7840.4088 
     122    6.4336982   100000    72848    28528    8821.0729    8900.1814    7856.2912 
     123    6.4879222   100000    72866    28555    8805.5786    8904.8254     7875.311 
     124    6.5351682   100000    72849    28489    8796.1018    8906.9016    7887.5637 
     125    6.5826151   100000    72867    28486    8797.8391    8897.0442    7894.7275 
     126    6.6343172   100000    72845    28534    8791.6646    8901.3215    7899.9117 
     127     6.687974   100000    72864    28151    8781.5618    8909.2812    7907.9975 
     128     6.737283   100000    72842    28621    8783.5639    8890.1307      7923.37 
     129    6.7908771   100000    72862    28275    8782.6212    8882.3698    7932.7594 
     130    6.8447831   100000    72874    28443    8782.3439     8873.091    7942.6065 
     131    6.8993061   100000    72870    28384    8775.2696    8876.1654     7949.324 
     132    6.9491231   100000    72882    28127    8773.0794    8876.6885    7952.7285 
     133    6.9972072   100000    72865    28354    8772.3229    8871.7569    7959.1176 
     134     7.044909   100000    72863    28229    8775.3569    8864.3254    7960.7983 
     135    7.0974391   100000    72866    28224     8780.488    8849.4241     7968.257 
     136    7.1477451   100000    72879    28540     8774.461    8853.4327     7973.686 
     137    7.2046921   100000    72852    28553    8765.8884    8853.4063    7986.6826 
     138    7.2573481   100000    72856    28287    8762.3191     8849.068    7996.0192 
     139      7.30743   100000    72869    28477    8769.3612    8843.0035    7992.0372 
     140    7.3594902   100000    72899    28446    8765.0862    8839.5123     8001.884 
     141    7.4133742   100000    72876    28524    8753.2029    8842.2115    8016.3993 
     142     7.471437   100000    72865    28412    8739.1802    8841.4874    8039.1529 
     143    7.5407102   100000    72880    28274    8736.4662    8838.6917    8045.2075 
     144    7.6016071   100000    72881    28302    8739.5223    8834.3582     8045.403 
     145    7.6607661   100000    72858    28359    8736.5923      8834.63    8050.0226 
     146    7.7213242   100000    72871    28457     8729.085    8841.7471    8053.7277 
     147     7.774533   100000    72868    28501    8731.6725    8832.4668    8058.8587 
     148    7.8330061   100000    72860    28288    8734.9575    8819.1875    8066.4671 
     149    7.8959701   100000    72846    28497    8739.3069    8810.7638    8069.2711 
     150    7.9608731   100000    72867    28307    8736.6571    8807.8307    8076.7008 
     151    8.0216992   100000    72841    28386     8728.512    8806.9458    8090.0986 
     152     8.083673   100000    72877    28346    8719.0349    8814.6468    8095.2669 
     153     8.150475   100000    72878    28229    8721.3176    8806.4538    8099.0431 
     154    8.2154641   100000    72868    28463     8703.929    8828.6928    8103.5509 
     155    8.2728651   100000    72866    28446    8698.2184    8829.8284    8111.8652 
     156     8.337682   100000    72858    28425    8701.4724    8815.4151    8121.7988 
     157    8.3929241   100000    72868    28360     8706.261    8809.1929      8120.37 
     158    8.4524891   100000    72844    28129    8706.0543    8801.3328    8128.5733 
     159     8.500556   100000    72892    28510    8711.9193    8787.0276    8133.4651 
     160    8.5477731   100000    72863    28023    8715.4806    8771.2465    8144.3457 
     161    8.5938671   100000    72854    28264     8704.241    8777.4018    8155.1784 
     162    8.6422372   100000    72871    28595    8704.7287    8762.8917    8168.6111 
     163    8.6926751   100000    72874    28077    8710.2707    8753.1163    8170.8599 
     164    8.7433381   100000    72859    28371    8703.8788    8755.7595    8177.7988 
     165    8.7957661   100000    72874    28246    8711.3874    8741.6088    8180.6683 
     166    8.8453412   100000    72865    28375    8697.8589    8749.4713    8192.1334 
     167    8.8946352   100000    72879    28638    8698.8184    8736.1992    8204.4548 
     168     8.943341   100000    72871    28548    8703.1218    8725.7539    8208.8385 
     169    8.9888301   100000    72873    28357    8698.4169    8723.4616    8218.3434 
     170     9.038311   100000    72891    28332     8699.068    8712.2946    8227.8577 
     171    9.0886011   100000    72868    28187    8684.2609    8723.8038    8239.0477 
     172    9.1470351   100000    72850    28115    8674.0329    8731.3672    8245.5307 
     173     9.208348   100000    72845    28348    8676.8184    8726.8662     8247.248 
     174    9.2748511   100000    72880    28448    8675.8676    8723.4069    8251.3661 
     175    9.3537991   100000    72892    28326    8673.7339    8721.7786    8256.4907 
     176    9.4265351   100000    72845    28322    8668.4866    8722.3022    8263.7079 
     177     9.500329   100000    72887    28428    8674.2286    8713.1072    8263.6477 
     178    9.5936182   100000    72864    28290     8663.486    8723.8793    8270.0769 
     179       9.6701   100000    72851    28337    8660.3288    8726.4127    8271.7537 
     180     9.746953   100000    72883    28377    8654.1383     8732.094    8275.2616 
     181    9.8142681   100000    72854    28195    8657.1726    8718.7059     8283.801 
     182    9.8758662   100000    72844    28079    8652.2994    8722.4744    8286.9728 
     183    9.9483552   100000    72860    28423     8646.958    8735.5896    8283.3827 
     184     10.02921   100000    72866    28315    8630.7952     8747.901    8294.7068 
     185    10.109261   100000    72870    28360    8625.1285    8745.9772    8304.7341 
     186    10.196406   100000    72868    28460    8625.3001    8736.7376    8313.8977 
     187    10.276662   100000    72842    28088    8635.9579    8725.1658     8309.734 
     188    10.349698   100000    72852    28203    8635.4871    8725.5154    8309.7728 
     189      10.4105   100000    72873    28309    8640.3243    8714.0204    8314.4964 
     190    10.474421   100000    72864    28287    8645.4954    8709.0439    8311.1874 
     191    10.545718   100000    72881    28440    8647.0356    8706.3411    8312.4517 
     192    10.611163   100000    72857    28084    8650.0058    8693.6604    8320.4406 
     193    10.675597   100000    72851    28142    8653.8353    8685.0467    8323.0096 
     194      10.7404   100000    72871    28375     8646.444    8689.9987     8329.225 
     195    10.808675   100000    72891    28064    8642.4591     8683.708    8342.1633 
     196    10.875546   100000    72866    28540    8630.0514    8692.7291    8350.8527 
     197    10.959077   100000    72856    28405    8623.1524    8700.8632    8352.8862 
     198    11.026315   100000    72882    28219     8626.982    8697.1918    8352.2879 
     199    11.097828   100000    72867    28199    8631.7972    8686.5064    8354.8537 
     200    11.161927   100000    72858    28433    8629.9961    8680.6983    8363.3668 
     201    11.222131   100000    72867    28166    8626.0262    8682.9467    8366.9215 
     202    11.290626   100000    72868    28252    8634.6194    8672.8464    8364.1605 
     203    11.361331   100000    72849    28215    8630.0258    8673.3352    8370.3923 
     204    11.450067   100000    72880    28501    8622.6785    8681.7162    8373.3087 
     205     11.55614   100000    72870    28279    8613.9901    8692.8963    8374.9029 
     206    11.637507   100000    72860    28255    8616.2822    8692.4304    8371.9682 
     207    11.717616   100000    72875    28178    8618.5014      8682.78    8378.1416 
     208     11.78748   100000    72879    28130    8612.1811    8688.1019    8382.2755 
     209    11.863917   100000    72848    28046    8608.0368     8691.996    8384.3873 
     210    11.947473   100000    72854    28468    8611.4469    8682.8691    8388.8057 
     211    12.011933   100000    72868    28442     8607.891    8685.3041    8391.5947 
     212    12.082475   100000    72879    28316    8604.0549    8691.5163    8392.3899 
     213    12.156115   100000    72833    28259    8602.5375    8688.9282    8396.8959 
     214    12.222741   100000    72843    28072    8609.9037    8676.0725    8397.9485 
     215    12.308474   100000    72866    28417    8615.7646    8667.8405    8397.7428 
     216    12.390658   100000    72868    28308    8621.8572    8657.1112    8398.9286 
     217    12.463946   100000    72860    28247    8627.9265    8643.2958      8403.73 
     218    12.531071   100000    72882    28334    8629.5758    8638.6645    8406.1193 
     219    12.602693   100000    72871    28214    8626.7616    8643.2361    8405.8712 
     220    12.668457   100000    72868    28231    8624.9655    8649.6751    8402.4042 
     221    12.733244   100000    72866    28061    8629.7204     8645.478    8398.6026 
     222    12.796636   100000    72878    28371    8633.9056    8639.6438    8398.3238 
     223    12.856993   100000    72846    28254    8623.6592    8655.1419    8398.3905 
     224    12.943198   100000    72867    28059    8629.3754    8650.7005    8394.4504 
     225    13.010118   100000    72857    28103    8632.9105    8646.3172    8393.0863 
     226    13.080757   100000    72865    28221    8625.6343    8652.4494    8398.0318 
     227    13.141501   100000    72873    28166    8624.5704    8644.0937    8407.8133 
     228    13.201361   100000    72858    28246    8616.5379    8649.3874    8414.8108 
     229    13.269754   100000    72858    28252    8618.2516    8643.4848    8417.9039 
     230     13.33177   100000    72849    28014    8622.1576     8641.635     8413.538 
     231    13.395448   100000    72847    28218    8623.0026    8641.6502    8412.6595 
     232    13.456482   100000    72880    28133    8623.8016    8631.7528    8421.9444 
     233    13.516949   100000    72841    28372    8634.1712    8620.7727    8417.9816 
     234    13.586072   100000    72881    28612    8631.2606    8621.5816    8419.3323 
     235    13.653675   100000    72870    28264    8625.6827     8632.105    8418.7827 
     236    13.723283   100000    72873    28341    8632.5644    8623.3911    8417.1111 
     237    13.800451   100000    72867    28468     8645.754    8608.8882    8411.9881 
     238    13.873116   100000    72842    28445    8643.1738    8602.1733     8420.532 
     239    13.949258   100000    72888    28289    8631.9476    8608.1558      8433.56 
     240    14.023376   100000    72867    28184    8612.0387    8629.6019    8440.8542 
     241    14.112676   100000    72873    28348    8613.8944    8622.7287    8445.9226 
     242    14.202373   100000    72857    28324    8608.8696    8626.0468    8449.5617 
     243    14.302939   100000    72859    28368    8601.7464    8634.2668    8451.7344 
     244    14.401764   100000    72867    28678    8595.9528    8642.0291    8453.4155 
     245    14.492398   100000    72856    28248     8592.375    8641.2374     8458.728 
     246     14.58659   100000    72858    28420    8594.2236    8629.8304    8466.7635 
     247    14.646146   100000    72869    28219     8593.072    8633.7226    8465.8305 
     248    14.703087   100000    72861    27946    8589.4535     8628.082    8476.4167 
     249     14.76204   100000    72866    28251    8590.4138    8628.7737    8474.1489 
     250    14.818135   100000    72863    28088    8582.2609    8641.9642    8473.1878 
     251    14.876943   100000    72839    28479    8570.2572    8659.0823    8474.8417 
     252    14.934179   100000    72878    27901    8568.2174    8660.9608    8474.4001 
     253    14.989384   100000    72882    28219    8571.6396    8652.9885    8479.2458 
     254    15.050051   100000    72859    28250    8573.2293    8654.0477    8475.2207 
     255    15.111274   100000    72892    28190    8576.4811    8656.4993    8467.1116 
     256    15.170331   100000    72881    28104    8584.4517    8641.0894    8472.3919 
     257    15.229385   100000    72888    28262    8591.7642    8628.9088    8472.3313 
     258    15.284337   100000    72857    28319    8583.6601    8639.6134    8473.0465 
     259     15.33901   100000    72863    28229     8586.795    8636.4735    8472.5068 
     260    15.398913   100000    72858    27974    8589.6295    8629.2415    8474.9664 
     261    15.470813   100000    72890    28330    8582.2728    8627.7726    8487.4976 
     262    15.539153   100000    72858    28394    8588.2657    8622.7918    8484.3761 
     263    15.614761   100000    72870    28226    8580.3569    8631.9052    8486.1943 
     264    15.690111   100000    72856    28186    8576.6328    8633.3594    8490.8804 
     265    15.760787   100000    72868    28291     8582.579    8619.1988    8494.5738 
     266    15.834434   100000    72884    28015    8586.7773     8615.868    8492.9002 
     267    15.913578   100000    72877    28186    8597.4084    8605.2597    8487.2452 
     268    15.968726   100000    72878    28117    8604.8391    8590.3566    8491.0046 
     269    16.031555   100000    72876    28236    8600.6476    8598.9017    8488.6552 
     270    16.108615   100000    72877    28189    8603.0483    8599.8833    8483.5609 
     271    16.171894   100000    72875    27851    8597.0506    8601.5663    8492.0943 
     272    16.222405   100000    72875    28346    8605.2083    8588.9224    8492.0015 
     273    16.273984   100000    72864    28012    8605.6996    8581.2715    8499.3368 
     274    16.323547   100000    72876    28350    8605.0919    8582.0183    8498.7824 
     275     16.37301   100000    72860    28344    8597.5308    8588.9726    8504.3534 
     276    16.425154   100000    72848    28320    8595.4733    8582.6378    8513.0993 
     277    16.475893   100000    72858    28092    8593.5798    8583.5005    8515.0997 
     278    16.530135   100000    72850    28274    8591.5718    8590.8648    8510.4201 
     279    16.591101   100000    72885    28236    8593.3087    8587.5837    8511.5929 
     280    16.650267   100000    72871    28193    8590.5358    8585.6464    8517.5812 
     281    16.708134   100000    72888    28334    8600.4206     8576.775    8512.5514 
     282     16.76658   100000    72856    28186    8602.1224     8567.971    8518.2245 
     283    16.822695   100000    72859    28270    8590.1977    8576.1374     8526.176 
     284    16.887094   100000    72878    28257    8583.6834    8585.0267    8528.6845 
     285    16.945327   100000    72856    28105    8584.3458     8586.718    8525.5579 
     286    17.002683   100000    72855    28238     8588.491    8581.9916    8524.1443 
     287    17.066511   100000    72870    28380    8588.9134    8584.6577    8521.2003 
     288    17.123434   100000    72862    28318      8587.39    8583.2276     8524.514 
     289     17.18035   100000    72856    28335    8580.6258    8584.6316    8533.8557 
     290    17.240269   100000    72881    28234    8591.4723    8571.8961    8530.0112 
     291    17.306814   100000    72856    28475     8591.833    8568.8126    8532.0442 
     292    17.380648   100000    72841    28005    8584.0109    8578.6555    8534.2517 
     293    17.442466   100000    72867    27982    8578.8474    8587.0613    8533.6086 
     294     17.50062   100000    72839    28269    8575.9331    8589.2266    8536.3607 
     295    17.553775   100000    72859    28375    8568.2499    8592.3354    8544.2909 
     296    17.603681   100000    72856    28164    8559.7893    8596.7619    8552.7597 
     297    17.651656   100000    72841    28249    8547.5664     8612.746    8554.4493 
     298    17.703674   100000    72866    28350    8554.7118     8605.716    8549.7537 
     299    17.754924   100000    72877    28215    8567.3783    8601.0971    8536.5286 
     300    17.803582   100000    72864    28021    8570.0419    8600.5056    8533.1283 
     301     17.85414   100000    72871    28184    8575.5331    8589.5113    8536.1608 
     302    17.904474   100000    72878    28400    8576.8117    8581.9039    8541.6143 
     303    17.954274   100000    72848    28129    8584.2556    8572.2763    8539.8727 
     304    18.008258   100000    72857    28212    8583.6854    8566.1796    8547.0755 
     305    18.068902   100000    72860    27973    8575.4088    8575.6202     8550.339 
     306    18.131489   100000    72850    28155    8560.5488    8594.9455    8553.0656 
     307    18.192083   100000    72876    27987    8560.4892    8593.8171    8554.4903 
     308    18.248496   100000    72870    28215    8562.9992    8595.5629    8548.9199 
     309    18.303778   100000    72864    28256    8572.7397    8581.4779    8548.3513 
     310    18.362478   100000    72873    28202    8573.3931    8573.1321    8554.9511 
     311    18.419018   100000    72879    28309    8582.8885    8562.3853    8552.3785 
     312    18.483169   100000    72876    27943    8577.6214    8569.4028    8553.8269 
     313    18.545529   100000    72854    28271     8577.869    8569.2666    8553.3372 
     314    18.605513   100000    72855    28290    8567.3701    8583.7466    8554.2913 
     315    18.664236   100000    72855    28235    8574.5821     8576.707    8550.1565 
     316    18.723135   100000    72878    28224    8577.1491    8578.2578    8545.7974 
     317    18.781921   100000    72861    28247    8584.5119    8578.1631    8534.5359 
     318    18.839672   100000    72867    28276    8580.3569    8584.6584    8533.8918 
     319    18.901288   100000    72862    28450    8576.8474    8593.3984    8531.0601 
     320    18.961164   100000    72861    28249     8573.094    8593.5506    8535.1365 
     321    19.018752   100000    72859    28327     8573.286    8597.5806    8531.7771 
     322     19.08518   100000    72871    28152    8575.5506    8592.9248    8532.6568 
     323    19.159835   100000    72871    28236    8570.3599    8602.5885    8531.0569 
     324    19.222611   100000    72842    28248    8568.9699    8607.4711    8527.5449 
     325    19.287118   100000    72856    28224    8583.6544    8582.5807    8530.9186 
     326    19.348926   100000    72848    28196    8577.5731    8587.7271    8535.6673 
     327    19.415237   100000    72889    28343    8579.3127    8582.3603    8537.5438 
     328    19.478308   100000    72857    28166    8586.3031     8573.821    8535.6016 
     329    19.547227   100000    72870    28289    8580.9478    8581.9999    8535.8583 
     330    19.635742   100000    72875    28399    8578.6715    8587.4061    8532.2981 
     331    19.731441   100000    72857    28217    8582.6464    8574.7366    8540.0216 
     332     19.79914   100000    72862    28161    8583.3798    8572.7496    8541.5123 
     333    19.871443   100000    72852    28088    8583.2298    8569.6939    8543.6691 
     334    19.931515   100000    72848    28350    8587.8702    8560.4043    8546.8616 
     335    19.995385   100000    72877    28107    8590.2211    8551.9295    8551.1215 
     336    20.055007   100000    72870    27862    8578.7968    8567.1685    8554.1496 
     337    20.126935   100000    72844    28282    8586.0227    8559.6024    8549.8062 
     338    20.189338   100000    72864    28148    8584.1498    8565.8129    8547.0553 
     339    20.251688   100000    72876    28102    8581.6768    8569.0868    8547.6143 
     340    20.316691   100000    72853    28544    8583.8887    8563.8186    8548.0876 
     341     20.37202   100000    72885    28434    8582.0961    8564.5024    8550.6992 
     342    20.421969   100000    72873    28492     8588.994    8557.7005    8547.2349 
     343     20.47455   100000    72887    28243    8582.9209    8571.5321    8542.5296 
     344    20.531866   100000    72881    28445     8588.533     8571.022    8535.3682 
     345    20.593581   100000    72868    28501    8585.3032    8571.7547      8539.16 
     346    20.654333   100000    72877    28329    8586.1327    8577.6698    8532.1922 
     347    20.713747   100000    72881    28217    8592.8826     8575.031    8525.5233 
     348    20.778724   100000    72868    28397    8589.7021    8584.3339    8520.6144 
     349    20.841528   100000    72844    28204    8587.4364    8585.9178    8521.7869 
     350    20.902847   100000    72858    28428     8584.567    8588.1303    8524.4469 
     351    20.965616   100000    72882    28204    8582.7046    8589.7684    8525.3461 
     352    21.018493   100000    72860    28398    8584.6084    8585.3012    8526.8076 
     353    21.068741   100000    72870    28041    8582.4049    8589.4333    8525.4703 
     354    21.118915   100000    72851    28132    8583.3709    8583.3257    8529.8238 
     355    21.172339   100000    72862    28183    8583.5992    8580.9963      8532.53 
     356    21.230475   100000    72866    28165    8596.0956    8568.5392    8526.1897 
     357    21.298597   100000    72877    28205     8588.923    8579.1836    8526.1125 
     358    21.358843   100000    72852    28082    8595.6688    8576.7277    8518.5678 
     359    21.420522   100000    72851    28097    8585.3851    8586.3345    8524.1793 
     360    21.480185   100000    72878    28176    8582.5052    8598.1067    8516.4776 
     361    21.541744   100000    72890    28122    8591.6707    8595.7959    8505.6928 
     362     21.60092   100000    72871    28303    8589.1004     8594.389    8511.0956 
     363    21.657798   100000    72891    28367    8585.5366       8604.6     8507.124 
     364     21.71444   100000    72863    28198    8581.0605    8603.6516    8513.6893 
     365    21.775463   100000    72874    28177    8574.7671    8606.2571    8520.6433 
     366    21.835231   100000    72871    28404    8582.4154    8595.8978    8519.1735 
     367    21.902581   100000    72845    28207    8583.2093    8598.1577    8515.4867 
     368    21.972743   100000    72883    28136    8574.1516    8603.5201    8523.2689 
     369    22.032787   100000    72860    28444     8581.157    8598.2886    8518.6967 
     370    22.093516   100000    72857    28052    8584.4261    8591.1489    8521.5317 
     371    22.154141   100000    72863    28203    8575.9524    8593.5623    8531.0162 
     372    22.215899   100000    72850    28251    8567.6748    8602.0166    8534.0874 
     373    22.288174   100000    72838    27960    8574.2977    8595.6326    8531.7464 
     374    22.351869   100000    72866    28311    8571.6956     8598.557    8533.3281 
     375    22.413868   100000    72888    28300     8569.951    8602.1533    8532.1778 
     376    22.475571   100000    72870    28306    8569.4375    8598.3796    8536.6983 
     377    22.541989   100000    72884    28261    8563.9016    8613.7155    8529.8498 
     378    22.603077   100000    72846    28356    8569.2381    8604.7208     8530.567 
     379    22.655832   100000    72880    28218    8563.2028    8615.1241    8528.5252 
     380    22.725989   100000    72845    28390    8574.7664     8600.279    8526.6978 
     381    22.784998   100000    72863    27914    8577.9863    8596.2912    8526.0195 
     382    22.849636   100000    72860    28412    8582.3968    8595.0664    8520.6979 
     383    22.906317   100000    72862    28208    8577.5525    8600.8942    8521.1441 
     384    22.960743   100000    72847    28227     8581.819    8587.8347    8528.2039 
     385    23.019211   100000    72832    28231    8585.0581    8583.3517    8528.2295 
     386    23.077874   100000    72890    28198    8578.2926    8594.2706    8526.4975 
     387     23.13033   100000    72856    28401    8580.2963    8578.2652    8540.1973 
     388    23.180314   100000    72862    28218     8576.359    8584.7498     8539.549 
     389    23.242933   100000    72859    28355    8575.4039    8579.5779     8546.564 
     390    23.303119   100000    72891    28092    8570.4576    8574.3546    8559.1107 
     391    23.357198   100000    72886    28039    8568.5121    8575.1474    8561.5832 
     392    23.419449   100000    72856    28336    8564.6707    8582.9237    8558.7631 
     393    23.481341   100000    72887    28357    8565.4724    8585.2191    8556.0933 
     394    23.548903   100000    72858    28345    8562.1389    8577.6381    8568.3839 
     395    23.612324   100000    72882    28260    8550.7612    8583.0938    8578.4766 
     396    23.672284   100000    72855    28163     8552.073    8582.3191     8578.119 
     397    23.733479   100000    72877    28170    8557.1754    8576.5036    8576.5509 
     398    23.793985   100000    72881    28386    8556.0965    8578.1684    8576.4648 
     399    23.852001   100000    72855    28182    8561.9462     8565.572    8580.9555 
     400    23.907943   100000    72843    28289    8566.6913    8562.8069    8575.4086 
     401    23.968851   100000    72872    28663    8573.0998    8556.0371     8573.092 
     402    24.028109   100000    72847    28178    8567.0334    8560.0573    8578.4548 
     403    24.087208   100000    72878    28112      8566.06    8560.3298    8578.6421 
     404    24.147845   100000    72865    28073    8577.9238    8553.9952    8568.6937 
     405    24.205176   100000    72858    28222    8579.8929    8550.3945    8569.1036 
     406    24.264759   100000    72884    28099    8583.4395    8550.5723    8563.9062 
     407    24.327719   100000    72861    28171    8572.9341    8560.8888    8569.1424 
     408    24.393134   100000    72857    28201    8575.5398    8559.1967    8566.6303 
     409    24.447045   100000    72894    27974    8580.6519    8562.6622    8554.9271 
     410      24.5062   100000    72868    28379    8579.5003    8560.7372     8557.986 
     411     24.55636   100000    72858    28232    8582.3833    8554.6244    8560.3255 
     412    24.606445   100000    72863    28371     8582.191    8551.6195    8564.6673 
     413    24.661148   100000    72877    28132    8579.0294    8549.7221     8570.761 
     414    24.720918   100000    72849    27974    8577.1176    8550.0961    8573.3305 
     415    24.774219   100000    72857    28357    8582.5837    8547.3262    8567.7174 
     416    24.828741   100000    72856    28139    8570.2173    8557.8803    8575.8661 
     417    24.886566   100000    72880    28263    8568.7981    8562.8819    8572.9288 
     418     24.94676   100000    72861    28099    8573.5315    8562.3616    8566.2747 
     419    25.009163   100000    72877    28099    8581.2628    8546.8839    8570.1669 
     420    25.078197   100000    72852    28180    8590.1355    8540.0398    8564.1474 
     421    25.136633   100000    72873    28336    8591.3504    8540.1263    8561.8248 
     422    25.191801   100000    72847    28211    8587.4143    8538.8683     8568.204 
     423    25.247125   100000    72869    28091    8584.1229    8543.6942    8568.9363 
     424    25.305732   100000    72870    28407    8580.2931    8549.1709    8568.7657 
     425    25.358317   100000    72868    28357    8581.2005    8545.5104    8571.9047 
     426    25.408243   100000    72878    28279    8580.3277    8543.8302    8574.7485 
     427    25.463619   100000    72877    28281    8567.5336    8560.4126     8576.874 
     428    25.515469   100000    72882    28234    8560.4867    8561.0944    8586.4757 
     429    25.568453   100000    72848    28194    8558.6748    8557.3557    8592.9938 
     430    25.621056   100000    72865    28222    8560.6279    8555.8091    8591.8256 
     431    25.673751   100000    72850    28131    8566.0003    8542.3118    8598.0607 
     432    25.729292   100000    72864    28190    8560.2482     8556.953    8591.6214 
     433    25.797214   100000    72895    28337    8562.3948    8559.4696    8586.1606 
     434    25.850801   100000    72879    28281    8558.0579      8559.99    8591.7983 
     435    25.904658   100000    72857    28168    8555.0622    8563.5077    8592.6292 
     436    25.958095   100000    72854    27985    8558.9103    8563.9673    8587.2273 
     437    26.008729   100000    72843    28547    8557.7081    8562.6004    8589.5537 
     438    26.068353   100000    72863    28286     8549.929    8575.6502    8588.3989 
     439    26.132038   100000    72862    28285    8562.8352    8558.4885    8586.5553 
     440    26.185409   100000    72861    28046    8555.7479    8567.5246    8587.8969 
     441    26.241942   100000    72861    28443    8553.3235     8574.497    8584.4068 
     442    26.297588   100000    72880    28233    8559.2389    8564.7913    8585.3888 
     443    26.354373   100000    72910    28069    8564.9251    8559.7909    8581.9251 
     444    26.405176   100000    72870    28052    8574.0803    8550.1416     8578.088 
     445    26.457968   100000    72877    28359    8569.3755    8552.2459    8582.5165 
     446    26.513881   100000    72860    28355    8572.6447    8552.0844    8578.5428 
     447    26.573881   100000    72872    28338    8563.2006    8563.4352    8580.8969 
     448    26.638182   100000    72870    28126    8562.6645    8563.3704    8580.6667 
     449    26.701602   100000    72882    28105    8573.2429    8554.0883    8574.8448 
     450    26.762795   100000    72855    28338    8564.3298    8563.0375    8579.2669 
     451    26.826475   100000    72862    28204    8565.8522    8563.0019    8577.3226 
     452    26.892963   100000    72882    28110    8564.2516    8560.0686    8582.3289 
     453    26.955343   100000    72858    28498    8568.6017    8558.3588    8577.5057 
     454    27.010211   100000    72862    28256    8567.3224    8556.6017    8581.2464 
     455    27.071793   100000    72885    28249    8573.3024    8553.1936    8575.9169 
     456    27.150511   100000    72875    27985    8561.8694     8562.066    8583.8389 
     457    27.205113   100000    72856    28341    8555.3523    8577.4866    8578.2696 
     458    27.264176   100000    72854    28172    8547.5246    8584.4478    8583.3693 
     459    27.323591   100000    72863    28211    8546.5519    8588.9363    8579.8026 
     460    27.383793   100000    72852    28105    8553.2308    8582.2478    8575.8522 
     461     27.45154   100000    72839    28270    8559.5398    8576.8258    8572.7594 
     462    27.510473   100000    72873    28382    8560.8529    8575.8307    8571.7715 
     463    27.567257   100000    72844    28246    8559.3864    8582.3913    8567.1458 
     464    27.629009   100000    72879    28315    8566.8519    8580.3207    8557.7117 
     465    27.692156   100000    72852    28062    8568.8476    8582.2144      8554.16 
     466    27.752273   100000    72861    28153    8568.6919    8581.8558    8553.7976 
     467    27.813548   100000    72877    28170    8570.9763    8577.1644    8555.5018 
     468    27.891099   100000    72881    28276    8573.5153    8569.1284    8559.0655 
     469    27.963587   100000    72843    28219    8581.4706    8558.3143    8557.4287 
     470    28.026256   100000    72875    28429    8587.0373    8549.3286    8559.2202 
     471    28.087217   100000    72874    28107    8583.5217    8554.0417    8559.8005 
     472    28.151132   100000    72872    28182    8577.1935    8568.0555    8555.0165 
     473    28.212264   100000    72850    28121    8584.5097    8559.9126    8551.6185 
     474     28.28041   100000    72858    28104    8591.3443    8552.3435    8549.3343 
     475    28.349349   100000    72827    28197    8597.3522    8547.5337     8544.557 
     476    28.410307   100000    72889    28157    8593.5482    8548.5346    8548.2245 
     477     28.47312   100000    72870    28124    8585.4047    8557.3297     8553.777 
     478    28.536953   100000    72860    28285    8596.2969    8550.5051    8544.3196 
     479     28.60056   100000    72887    28307    8600.4665    8552.9114    8535.6626 
     480    28.653655   100000    72889    28245    8592.4146    8555.1468    8544.5627 
     481    28.707286   100000    72875    28419    8597.1099    8548.9997    8544.3036 
     482    28.759404   100000    72857    28374    8602.8515    8541.7212    8542.3119 
     483    28.816601   100000    72883    28200    8602.7535    8541.9331    8543.4776 
     484    28.868818   100000    72862    28437     8602.821    8548.3828    8536.6911 
     485    28.922495   100000    72860    28186    8599.5184    8550.3126     8539.381 
     486    28.979159   100000    72878    28209    8594.5987    8550.2921    8546.8857 
     487    29.038659   100000    72893    28325    8590.4484    8553.4513    8549.5311 
     488    29.098071   100000    72851    28430    8591.3507    8559.4499    8542.8642 
     489    29.162609   100000    72863    28375    8584.5754    8559.6085    8551.6669 
     490    29.219333   100000    72849    28253    8579.6562    8566.5155    8552.4055 
     491    29.275634   100000    72862    28321    8575.0694    8577.5408    8549.0975 
     492    29.338343   100000    72878    28141     8585.378    8572.3275    8538.3212 
     493    29.397094   100000    72865    28414    8586.2257    8581.0808    8528.1235 
     494    29.457065   100000    72860    27907    8590.4306    8583.3601    8519.8414 
     495     29.51944   100000    72860    28389    8587.9861    8586.7725    8520.1384 
     496    29.575756   100000    72860    28254    8595.9826     8583.546    8511.3761 
     497    29.633776   100000    72883    28474    8586.9969    8586.7398    8521.3032 
     498    29.692781   100000    72876    28111    8591.3671    8585.2715    8516.4488 
     499    29.754746   100000    72871    28288    8588.2831    8587.3963    8519.0987 
     500     29.81991   100000    72877    28208    8598.0442    8586.9843    8505.4234 
     501    29.880375   100000    72867    28102    8602.1188    8577.2794    8508.4809 
     502    29.938806   100000    72863    28307    8593.8322    8584.5019    8514.5161 
     503    29.993361   100000    72845    28351    8589.5765    8592.2452    8512.7419 
     504    30.050293   100000    72861    28219     8588.474    8589.0203    8517.5679 
     505    30.110327   100000    72884    28179    8586.2425    8592.1967    8518.2062 
     506    30.163272   100000    72850    28173      8590.97    8584.5377    8517.9064 
     507    30.221724   100000    72860    28249    8597.0196    8578.5901    8515.3194 
     508      30.2785   100000    72884    28280    8597.1106     8574.698    8518.1045 
     509    30.347415   100000    72864    28193    8600.7256     8564.868    8523.1548 
     510    30.412183   100000    72854    28240    8597.0872    8560.3114    8532.5535 
     511    30.472103   100000    72894    28183    8602.1688    8555.0361    8529.8614 
     512    30.549926   100000    72848    28169    8602.1767    8551.6796    8533.9385 
     513    30.618375   100000    72875    28269    8594.0515    8559.4637    8538.5937 
     514    30.688514   100000    72842    27953    8592.1847    8566.9384    8534.0947 
     515    30.752051   100000    72872    28098    8597.1163    8564.5438    8528.1336 
     516    30.813652   100000    72863    28190    8600.9184    8554.2833    8533.4766 
     517    30.876486   100000    72861    28440    8590.7694    8566.6542    8536.3992 
     518    30.943048   100000    72855    28197    8574.4067    8580.7873    8545.8727 
     519    31.012668   100000    72866    28193    8581.5977    8571.7516    8543.4616 
     520     31.06526   100000    72870    28428     8576.663    8571.6412     8551.926 
     521    31.125694   100000    72870    28211      8586.84    8560.6022    8548.9071 
     522    31.195903   100000    72841    28280    8579.7463    8570.9237    8547.7366 
     523    31.260225   100000    72857    28239    8572.3761    8583.6713    8547.4057 
     524    31.335035   100000    72866    27944    8586.0749      8572.52    8536.7692 
     525    31.404647   100000    72875    28173    8575.1138    8584.3923    8541.2969 
     526    31.467341   100000    72892    28290    8582.6795    8578.3417    8537.3761 
     527    31.520191   100000    72844    28231    8582.5182    8574.8666    8539.8532 
     528    31.571159   100000    72865    28195    8592.4858    8562.0514    8538.1569 
     529    31.623654   100000    72878    28386    8586.9444    8575.8371    8532.3615 
     530    31.684802   100000    72869    28266    8579.9864    8584.1278    8534.9504 
     531    31.750143   100000    72881    28250    8589.0525     8570.103    8534.7413 
     532    31.806564   100000    72867    28245    8585.0108    8578.0973     8532.721 
     533    31.866937   100000    72866    28116    8574.1583    8589.8099    8537.8294 
     534    31.922403   100000    72856    28221    8576.0905    8589.1075    8535.8676 
     535    31.975196   100000    72885    28099    8577.2005    8588.2432    8535.0721 
     536    32.026727   100000    72866    28134    8584.3206     8583.538    8528.8156 
     537    32.097968   100000    72874    28347    8577.1836    8591.6344    8530.5966 
     538    32.148472   100000    72863    28192    8581.0249     8591.908     8525.169 
     539      32.2073   100000    72866    28181    8574.8672    8590.3838    8535.8577 
     540     32.26016   100000    72884    28153    8585.2226    8576.3546    8534.3836 
     541    32.317411   100000    72873    28189    8587.3802    8571.2803    8536.7412 
     542    32.372852   100000    72866    28337    8586.4501    8566.5064    8542.0115 
     543    32.440055   100000    72852    28344    8586.9234    8556.5796    8551.6001 
     544    32.495367   100000    72860    28415    8582.9282    8564.0993    8550.5864 
     545    32.551815   100000    72883    28362    8571.2521    8571.4187    8560.3782 
     546    32.603507   100000    72862    28029    8569.3617    8571.5504     8563.425 
     547    32.658108   100000    72852    28226    8573.9602    8562.3138    8565.3892 
     548    32.709565   100000    72896    28311    8562.2086    8576.4661    8569.2015 
     549    32.762756   100000    72883    28391    8567.1728    8568.2645    8569.5799 
     550    32.816356   100000    72867    28165    8567.5511    8567.9799    8568.7122 
     551    32.890486   100000    72855    28202    8563.7153    8571.4883     8571.802 
     552    32.964771   100000    72868    28114    8558.5653     8574.678    8577.3954 
     553    33.045298   100000    72861    28094    8556.6458    8574.9417    8579.3335 
     554    33.133973   100000    72875    28183     8553.208    8574.5449    8584.4525 
     555    33.208709   100000    72865    28244    8542.2744    8593.9253    8582.2492 
     556    33.276365   100000    72859    28014    8539.1783    8599.7945    8580.0377 
     557      33.3368   100000    72857    28282    8553.2501     8582.225    8576.7079 
     558    33.400569   100000    72870    27911    8550.9965    8580.3488    8582.2772 
     559    33.462834   100000    72870    28378    8550.3207    8584.1543    8579.0705 
     560    33.521556   100000    72866    28099     8551.662    8574.1857    8587.2711 
     561    33.572765   100000    72857    28262    8559.0419    8568.6497    8581.6656 
     562    33.624634   100000    72867    28203    8559.0481    8573.2392    8577.0517 
     563    33.684782   100000    72862    28408    8559.1616    8571.4032     8579.437 
     564    33.739475   100000    72850    28119    8564.8112    8569.2813    8572.6986 
     565    33.806555   100000    72894    28110     8561.793    8577.3588    8568.2302 
     566    33.863301   100000    72865    28013    8569.5261    8576.4274    8557.7818 
     567    33.918475   100000    72841    28213    8577.6836    8560.9861    8561.7356 
     568     33.97063   100000    72845    28194    8568.2379    8575.9407    8561.0154 
     569    34.028134   100000    72873    28131    8570.3841    8571.9786    8561.5009 
     570    34.080655   100000    72863    28291    8573.5637    8570.8201    8557.1125 
     571     34.13128   100000    72870    28178    8567.5165    8587.6742    8550.1225 
     572    34.192813   100000    72877    28293    8576.0679     8580.084    8545.3822 
     573    34.254294   100000    72881    28332    8573.5582    8584.0018    8544.4817 
     574    34.307251   100000    72871    28460    8575.5762    8591.1132     8534.371 
     575    34.359195   100000    72865    28166    8582.7382    8591.4405    8522.5447 
     576    34.417139   100000    72860    28242    8582.0765    8583.6806    8532.3741 
     577    34.469748   100000    72862    28148    8590.4192    8575.3803    8527.4257 
     578       34.533   100000    72870    28377    8589.9469    8568.2044     8535.343 
     579    34.609385   100000    72877    28174    8603.6456    8556.6371    8526.0361 
     580    34.683973   100000    72847    28279     8605.837    8554.0848    8525.9856 
     581    34.760327   100000    72878    28328    8601.9821    8544.7632     8541.132 
     582    34.835581   100000    72857    28314    8586.2367    8558.4264    8550.8832 
     583    34.899143   100000    72835    28164    8575.7054    8571.3102    8553.1126 
     584    34.962428   100000    72876    28199    8564.4182    8576.5979     8565.346 
     585    35.027098   100000    72862    28084    8558.4996    8579.2056    8571.5691 
     586     35.08808   100000    72846    28255    8543.9646    8599.8855    8573.4977 
     587    35.154053   100000    72864    28099    8555.5582    8577.0657    8578.3498 
     588    35.216803   100000    72874    28066    8558.2728    8573.1944    8578.2946 
     589    35.278744   100000    72862    28297    8559.4177    8577.5899    8571.5664 
     590    35.338852   100000    72853    28288    8555.4882    8577.8312    8577.1835 
     591    35.403022   100000    72850    28101    8551.8747    8582.6958    8578.1361 
     592    35.464317   100000    72869    28230    8551.6947     8580.119    8580.9282 
     593    35.543418   100000    72855    28350    8555.1917    8582.9474    8573.7113 
     594    35.606492   100000    72872    28285    8557.8352    8577.4765    8574.3066 
     595    35.669024   100000    72861    28322    8568.9253    8561.2848    8572.3143 
     596    35.736862   100000    72850    28212    8571.6551    8560.3523    8571.2573 
     597    35.796701   100000    72861    28301    8573.4594    8559.1848    8569.2716 
     598    35.856799   100000    72868    27999    8552.7115    8586.2097    8572.7782 
     599    35.911684   100000    72877    28075    8549.4344    8596.9357    8567.8253 
     600    35.966611   100000    72858    28138     8540.527    8602.4585    8576.0221 
     601    36.020135   100000    72861    28223    8543.8019    8600.9534    8571.8984 
     602    36.077752   100000    72852    28039    8530.4324    8619.3751    8573.6126 
     603     36.13932   100000    72864    27847     8542.687    8603.5333    8570.9935 
     604    36.198489   100000    72876    28058    8542.9276    8602.9314    8570.6993 
     605     36.25248   100000    72851    28089    8540.5656    8600.8556    8576.1751 
     606    36.310562   100000    72863    28009    8548.7723     8586.503    8579.3671 
     607    36.372107   100000    72880    28289    8544.5358    8588.7131    8583.5997 
     608    36.432426   100000    72847    28388    8546.3519    8582.9109     8586.849 
     609    36.500914   100000    72848    28154    8552.8102    8578.4331       8581.3 
     610    36.557985   100000    72859    28142    8557.7208    8573.8809    8578.4261 
     611    36.612918   100000    72896    28226    8550.5904    8589.5942    8573.3977 
     612    36.673642   100000    72855    28158    8545.8157    8587.1493    8583.1155 
     613     36.73576   100000    72865    28267    8547.1523    8583.0132     8584.603 
     614     36.78826   100000    72870    28056    8545.0552    8589.6215    8581.3144 
     615    36.847628   100000    72857    28240    8551.5583    8579.4691    8581.8996 
     616    36.907728   100000    72875    28281    8541.7011    8590.7858    8586.2618 
     617    36.973893   100000    72872    28266     8540.982    8587.7587    8590.3435 
     618    37.052805   100000    72840    28341    8533.6756    8590.4794    8598.1039 
     619    37.117254   100000    72875    28165    8533.9162    8596.7822    8591.2715 
     620    37.174241   100000    72838    28120    8538.9874     8584.529    8595.7873 
     621    37.228426   100000    72861    28330    8538.1084    8586.5018    8594.4187 
     622    37.283681   100000    72854    28235     8546.361    8581.2249    8588.6468 
     623    37.335141   100000    72857    28192    8543.7269    8580.5223    8592.8192 
     624     37.39887   100000    72851    28295    8546.2048    8580.4337    8589.1354 
     625    37.462651   100000    72870    28258     8558.475    8557.1032    8593.6096 
     626    37.525666   100000    72839    28059    8566.4511    8550.6989    8588.2071 
     627    37.597586   100000    72852    28181    8567.5402     8550.591    8587.5951 
     628    37.653922   100000    72878    28045    8564.3208    8555.4252    8586.7206 
     629    37.711474   100000    72871    28577     8556.285    8566.0651    8587.7477 
     630    37.768607   100000    72881    28297    8552.4141    8571.4872    8588.9372 
     631    37.828688   100000    72868    28118    8547.3977    8573.0213    8594.8064 
     632    37.888739   100000    72878    28196     8549.921    8566.5787    8597.9958 
     633    37.940632   100000    72868    27746    8554.8771    8569.7004    8586.6633 
     634    37.990611   100000    72873    28221    8552.9661    8567.9717    8590.4143 
     635     38.04514   100000    72840    28246    8551.0245     8565.776    8596.3694 
     636     38.10939   100000    72900    28124    8549.0339    8570.1897    8594.4761 
     637    38.158663   100000    72865    28240    8558.8756    8563.2392    8587.4893 
     638    38.233156   100000    72866    28157    8561.4101    8557.2694     8590.322 
     639    38.311548   100000    72882    28383    8560.3901    8563.0589    8586.0473 
     640    38.368457   100000    72873    28105    8563.2568    8560.0732    8584.0026 
     641    38.415824   100000    72883    28366    8553.9672    8567.7383    8590.7588 
     642    38.480064   100000    72865    28086    8554.5167    8561.4017     8595.585 
     643    38.541525   100000    72867    28259    8561.3791    8557.7802    8588.6604 
     644    38.603524   100000    72844    28141    8555.1641    8565.3773    8590.7802 
     645    38.663463   100000    72837    28177    8557.1062    8568.5289     8583.832 
     646    38.720494   100000    72852    28234    8562.3774    8560.2453    8584.2349 
     647    38.767755   100000    72851    28347    8567.0107    8552.6438    8585.7107 
     648    38.819642   100000    72854    28470     8566.314    8555.8658    8584.1129 
     649    38.882122   100000    72877    28080    8573.4952    8543.9768    8585.6641 
     650    38.944617   100000    72878    28127    8577.0547     8542.182    8581.0003 
     651    39.010873   100000    72861    28382     8579.217    8538.4401    8580.5866 
     652    39.061658   100000    72855    27968    8577.3051    8534.1784    8588.1377 
     653     39.11558   100000    72879    28025    8577.8692    8537.2963    8584.7166 
     654    39.170757   100000    72862    28208     8571.533    8534.4567    8597.5162 
     655    39.227881   100000    72841    28220    8558.6494    8544.2926    8605.2637 
     656    39.283558   100000    72855    28290     8557.174    8549.4222    8603.5357 
     657    39.338305   100000    72841    28073    8546.4912    8561.6758    8607.1545 
     658    39.390342   100000    72866    28194    8542.1959    8573.5285    8601.7961 
     659    39.438487   100000    72885    28270    8531.4416    8595.1051    8597.0216 
     660    39.486931   100000    72858    28148    8520.1094    8605.8139    8602.0553 
     661    39.546417   100000    72857    28006    8524.8703     8595.851    8605.9583 
     662    39.616367   100000    72879    28142    8533.2458    8594.4138    8594.6202 
     663    39.679843   100000    72862    28124    8538.3605    8583.2455     8597.391 
     664    39.738845   100000    72881    28137    8553.9156    8565.2341    8593.1282 
     665     39.79417   100000    72843    28129    8560.1928    8557.4445    8590.3525 
     666      39.8565   100000    72896    28303    8555.7514    8569.8202    8584.5175 
     667    39.919148   100000    72850    28304     8562.231    8566.2599    8578.9362 
     668    39.988963   100000    72873    28218     8564.151    8564.4553    8577.7452 
     669    40.055206   100000    72888    28305    8555.7401    8582.0187    8573.1126 
     670    40.123482   100000    72859    28261     8552.935    8588.1333    8571.5272 
     671    40.184454   100000    72867    28059    8545.2625    8596.5658    8573.8774 
     672    40.246827   100000    72869    28454    8538.2828    8594.8274    8586.1196 
     673    40.306779   100000    72872    28103    8535.8576    8591.8342    8592.6039 
     674    40.361652   100000    72868    28252    8542.4113    8590.1801    8585.0017 
     675    40.427259   100000    72895    27853    8548.2942    8575.4914    8591.0743 
     676    40.492788   100000    72850    28517    8555.6388    8574.3953    8581.1728 
     677    40.545508   100000    72856    28332    8558.5315    8568.4642    8582.8578 
     678    40.604219   100000    72854    28208    8554.3978     8574.689    8582.3464 
     679    40.666937   100000    72859    28096     8556.282    8566.9257    8587.4659 
     680    40.730177   100000    72869    28304    8558.6015    8568.0847    8583.5557 
     681    40.782415   100000    72872    28164    8553.3354    8568.8361    8589.9905 
     682    40.842317   100000    72872    28507    8547.5689    8572.1385    8595.8571 
     683     40.89243   100000    72902    28554    8548.7413    8568.7124    8597.3601 
     684    40.946379   100000    72877    28305    8545.7112    8575.8729    8595.6248 
     685    40.998222   100000    72851    28277    8544.4135    8576.8652    8595.3004 
     686     41.05156   100000    72869    28212    8544.8118    8577.0463    8594.7813 
     687    41.109312   100000    72869    28294    8546.2213    8578.4955    8590.7814 
     688    41.168898   100000    72882    28334    8562.1894     8556.882    8589.4452 
     689    41.222646   100000    72885    28140    8551.0744    8570.4486    8592.1901 
     690    41.274558   100000    72847    28144    8553.8865    8569.6228    8588.5542 
     691    41.329373   100000    72861    28072    8546.6447    8571.8778    8596.7064 
     692    41.382266   100000    72858    27897    8547.3254    8573.3797     8594.697 
     693    41.435685   100000    72871    28401    8551.4937    8573.4669     8588.846 
     694    41.486253   100000    72846    28229    8555.2565     8562.673      8593.03 
     695    41.535917   100000    72859    28339    8558.8194    8559.0226    8591.5133 
     696    41.586335   100000    72866    28153    8550.9273    8573.0613    8589.7864 
     697     41.64858   100000    72871    28122    8555.3992    8570.0377    8585.7512 
     698    41.711454   100000    72872    28187    8548.8588    8584.2074    8581.1011 
     699    41.759999   100000    72874    28242    8548.4747    8585.7411    8580.0253 
     700    41.810511   100000    72883    28120     8560.681    8565.0706    8582.3915 
     701    41.862721   100000    72884    28460    8560.3442    8563.7184     8584.607 
     702    41.920379   100000    72898    28201    8566.3066    8551.4168    8587.7754 
     703    41.973386   100000    72855    28092    8570.1611    8544.8022    8589.1259 
     704    42.026447   100000    72867    28103     8567.957    8534.7967    8600.9245 
     705     42.08309   100000    72872    28144    8564.3012    8543.7814    8598.9426 
     706    42.149839   100000    72874    28045    8562.6469    8545.2955    8598.9491 
     707    42.201773   100000    72890    28150    8557.9353    8547.1346    8604.5204 
     708    42.254405   100000    72857    28589    8557.0589    8546.2661    8607.3723 
     709    42.305722   100000    72861    28197    8552.3339    8551.8084    8608.3695 
     710    42.355715   100000    72854    28274    8536.5137    8570.4323    8613.9205 
     711    42.407364   100000    72863    28158    8543.7023    8566.8077    8606.3168 
     712    42.468511   100000    72871    28318    8534.6334    8574.9254    8611.3737 
     713     42.54275   100000    72890    28304    8543.7275    8568.9012    8604.1155 
     714     42.62637   100000    72856    28143    8541.4093    8572.0392    8604.9173 
     715    42.694243   100000    72869    28483    8537.0151    8573.6839     8609.609 
     716     42.76822   100000    72878    28139    8531.6525    8580.7477    8611.0382 
     717    42.834136   100000    72869    28155    8537.7578    8576.2545     8605.386 
     718     42.89873   100000    72849    28051    8541.9884    8573.0867    8602.9536 
     719    42.967202   100000    72869    28388    8547.2255     8568.759    8599.5817 
     720    43.021842   100000    72866    28494    8545.5379    8566.8375    8603.8545 
     721    43.083341   100000    72888    28128    8545.3916    8571.5178    8598.6671 
     722    43.139802   100000    72870    28104    8550.1459    8563.9226    8598.9309 
     723     43.20043   100000    72856    28174    8554.3488    8558.3684    8598.9374 
     724    43.253407   100000    72889    28250    8552.3041    8564.7699    8595.0472 
     725     43.30609   100000    72851    28301    8562.1478      8558.55    8587.9067 
     726    43.357591   100000    72876    28269    8552.2739    8574.6712    8585.6522 
     727    43.415508   100000    72858    28103    8549.2034    8579.0474    8586.2057 
     728    43.491988   100000    72874    28292    8547.8133    8574.9248    8592.3512 
     729    43.560467   100000    72862    28279    8548.8674    8577.4697    8588.0825 
     730    43.622468   100000    72844    28007     8549.021     8579.369    8586.4315 
     731    43.686028   100000    72897    28130    8560.1812    8562.8434    8585.5012 
     732    43.768644   100000    72867    28076    8568.2131    8556.9263    8580.3756 
     733    43.831989   100000    72874    28098    8571.7765    8558.5112    8572.0869 
     734    43.920142   100000    72838    28433    8576.3282    8550.9146    8573.5771 
     735    43.999609   100000    72864    28298    8576.2907    8547.7806    8576.6451 
     736    44.064328   100000    72846    28340    8571.1883    8559.7995    8572.1014 
     737     44.12375   100000    72861    28231    8572.1378    8562.7577    8568.5896 
     738     44.20652   100000    72857    28203    8570.9294    8561.3434    8571.0715 
     739    44.264332   100000    72883    28129    8580.1239    8551.6138    8566.7457 
     740    44.325843   100000    72837    28201    8580.8997    8544.7045    8572.5238 
     741    44.392338   100000    72866    28278    8581.1612    8549.3801    8567.7954 
     742    44.461466   100000    72880    28128    8584.7038    8540.5876    8569.7814 
     743    44.521218   100000    72864    28127    8596.6363    8521.5193    8573.1968 
     744    44.575682   100000    72859    28250    8599.8153    8514.0164    8574.7807 
     745    44.631056   100000    72886    28071    8600.1786    8511.7453    8576.6697 
     746     44.70017   100000    72862    28084    8597.4155    8515.8793    8576.8223 
     747    44.773778   100000    72876    28208    8588.5675    8528.7842    8577.5909 
     748    44.838706   100000    72861    28133    8600.5526    8516.0674    8572.1484 
     749    44.906373   100000    72856    28088    8595.2333    8522.0504    8572.9872 
     750    44.966371   100000    72883    28283    8593.3118    8527.1827     8571.903 
     751    45.021313   100000    72866    28340    8593.0364    8528.9027    8569.7975 
     752    45.080113   100000    72881    28116    8594.4464    8524.6715    8571.4531 
     753    45.144717   100000    72857    28178    8594.8516    8523.4612    8572.9576 
     754     45.20298   100000    72891    28265    8597.6019    8521.2965    8570.5922 
     755    45.259265   100000    72866    28224    8596.9301    8519.2462     8573.705 
     756    45.317707   100000    72861    28124    8587.0521    8535.1869    8573.3137 
     757     45.37999   100000    72880    28247    8575.2712    8550.6185    8575.5773 
     758    45.445026   100000    72866    28036    8576.2512    8559.0174    8565.4491 
     759    45.520194   100000    72846    28323    8578.7225    8550.8765    8569.7237 
     760    45.599771   100000    72842    28189    8569.2603    8560.3597    8575.4501 
     761    45.654474   100000    72870    28285    8559.2802    8576.0991    8574.4565 
     762    45.709859   100000    72865    28326    8555.8759    8578.7523    8576.3327 
     763    45.770213   100000    72849    28125    8576.7333    8560.8527    8562.3659 
     764    45.831149   100000    72897    28390    8585.4305    8556.4965    8554.1085 
     765    45.897762   100000    72846    28133    8576.7499    8566.4635    8558.1076 
     766    45.962117   100000    72885    28375    8576.0197    8567.1729    8558.0305 
     767    46.017682   100000    72853    28189    8580.5961    8564.6343    8553.0346 
     768    46.077542   100000    72899    28111     8572.491    8580.1468    8549.2598 
     769    46.141195   100000    72841    28299    8567.4785    8575.9975    8561.3401 
     770    46.200188   100000    72873    28234      8577.77    8570.9469     8550.129 
     771     46.25523   100000    72876    28245    8581.4583    8568.9383    8547.3276 
     772    46.320291   100000    72864    28221    8570.7231     8582.351    8550.1865 
     773    46.378134   100000    72861    28250     8565.392     8595.185    8545.5889 
     774    46.436568   100000    72857    28087     8566.569    8594.6036    8543.4369 
     775    46.493564   100000    72862    28168    8551.5092    8614.9229    8547.1154 
     776    46.553867   100000    72857    28334     8551.996    8611.3832    8549.5288 
     777    46.611214   100000    72849    28295    8559.7213    8597.5129    8552.2142 
     778    46.698195   100000    72869    28153    8553.9812    8606.5705    8551.3255 
     779    46.772819   100000    72845    28050    8546.1434    8619.6855    8549.7488 
     780    46.846033   100000    72857    27811    8544.3831    8628.9202    8543.7342 
     781    46.910719   100000    72846    28191    8556.5787    8617.0361    8536.8017 
     782    46.974548   100000    72876    28161    8557.2443    8615.4986    8538.1058 
     783    47.052327   100000    72860    28142    8559.4045    8609.9996    8538.9222 
     784    47.124913   100000    72880    27969    8559.5679    8610.3999    8539.1508 
     785    47.188665   100000    72849    28369    8570.8548    8590.5928    8541.5044 
     786     47.24769   100000    72854    28136    8571.1757    8596.5154    8535.6438 
     787    47.310016   100000    72852    28279    8567.5248     8596.209    8541.8091 
     788    47.376524   100000    72861    28445    8569.3509    8598.7982    8536.0649 
     789    47.447313   100000    72860    28103     8572.211    8594.6489    8536.8888 
     790    47.516392   100000    72874    28056    8573.6942    8590.2038    8538.1923 
     791    47.573821   100000    72876    28212    8570.6914    8593.2879    8539.5461 
     792    47.631669   100000    72856    28011    8570.0002    8586.5904     8548.121 
     793    47.687055   100000    72861    28223     8570.429    8592.8902    8540.9056 
     794    47.745558   100000    72869    28190    8572.4605    8598.2205    8532.3211 
     795    47.804302   100000    72855    28164     8569.037    8602.2052    8532.9896 
     796    47.894921   100000    72850    28167    8579.5554    8586.6835    8532.6305 
     797    47.990177   100000    72876    28392    8578.1053    8590.8872    8530.6681 
     798    48.089856   100000    72857    28265    8575.9438    8592.2778    8531.9287 
     799    48.162929   100000    72870    28212    8585.3678     8590.357     8520.313 
     800    48.246311   100000    72868    28018    8585.3677    8589.9563    8521.0478 
     801    48.322053   100000    72857    28235    8578.4661    8596.5946    8525.2427 
     802    48.390128   100000    72857    28225     8580.085    8585.4568    8533.4973 
     803    48.458057   100000    72867    28082    8589.0305    8570.7247    8534.0241 
     804    48.519069   100000    72876    28458    8593.4626    8560.8506    8537.6308 
     805      48.5848   100000    72847    28180    8592.1844    8560.1028    8541.6181 
     806    48.639692   100000    72867    28350    8587.5892    8565.0106    8542.1084 
     807    48.697121   100000    72871    28244    8590.4334    8565.6882    8536.5888 
     808    48.754747   100000    72861    28461    8593.8725      8559.17    8539.1595 
     809    48.810985   100000    72869    28127    8591.2359    8562.9796    8538.8059 
     810    48.865944   100000    72866    28171    8579.4276    8576.0301    8543.9491 
     811    48.918926   100000    72868    28416    8572.4695    8584.4107    8546.2809 
     812    48.977552   100000    72863    28355    8566.4169    8588.1555    8551.2247 
     813    49.042517   100000    72861    28116     8562.877    8587.5899    8557.0536 
     814    49.108553   100000    72850    28008    8563.0417    8583.8916    8559.9925 
     815      49.1693   100000    72861    28043     8564.003    8583.8365    8557.9815 
     816    49.233531   100000    72858    28403    8547.4603    8603.7596    8563.4241 
     817     49.29047   100000    72843    28073    8555.3963    8594.9182    8560.5733 
     818    49.348662   100000    72863    28134    8553.9436    8596.2476    8561.9284 
     819    49.403427   100000    72847    27955    8561.7939    8591.1224    8554.5616 
     820    49.457155   100000    72865    28151    8574.7179    8581.2735     8546.446 
     821    49.514329   100000    72843    28166    8578.5405    8582.4282    8539.2331 
     822     49.57214   100000    72887    28171    8572.5239    8584.9638    8545.6434 
     823    49.632025   100000    72856    28240    8578.8621    8576.5172    8543.8367 
     824    49.692469   100000    72855    28231     8578.099    8585.3397     8536.073 
     825    49.749014   100000    72870    28296    8576.4385     8586.455    8537.0183 
     826    49.803024   100000    72880    28210    8570.5996    8592.6911    8539.7384 
     827    49.858776   100000    72862    28215    8565.8694    8594.9653    8545.1821 
     828    49.911799   100000    72852    28372    8571.6024    8588.7436       8542.8 
     829    49.971396   100000    72872    28169    8565.7421    8589.5036     8550.451 
     830    50.037847   100000    72850    28218    8563.8318    8589.8308    8552.9508 
     831    50.095979   100000    72847    28053    8573.2219    8574.1681    8554.6273 
     832    50.153286   100000    72869    28181    8578.8902    8570.6845    8549.8593 
     833    50.205795   100000    72870    28286     8576.928    8570.3593    8553.3835 
     834    50.261912   100000    72852    28280    8586.7927     8560.473    8548.8635 
     835    50.331006   100000    72854    28494    8578.5066    8573.9963     8546.991 
     836    50.404481   100000    72865    28243    8586.6648    8564.3386    8544.5802 
     837    50.480282   100000    72880    28216    8577.5498    8571.4902     8551.209 
     838    50.550954   100000    72840    28167    8581.0203    8565.9513    8551.2465 
     839    50.614144   100000    72863    28180    8567.9545    8582.7095    8554.2198 
     840    50.679926   100000    72866    28102    8576.0623    8569.4026    8555.2293 
     841    50.746913   100000    72871    28350    8579.5502    8575.4296    8544.1507 
     842    50.808958   100000    72860    27980    8577.3165    8582.7487    8538.8553 
     843    50.870759   100000    72861    28272    8579.1992    8574.4534    8545.4881 
     844    50.928044   100000    72860    28078    8578.1597    8571.3976    8549.8994 
     845     50.99376   100000    72849    28261    8579.9397     8575.816    8543.8215 
     846    51.051501   100000    72865    28061    8576.9706    8578.3209    8544.8749 
     847    51.107754   100000    72843    27932    8568.3354    8585.5294     8550.848 
     848    51.160034   100000    72857    28434    8567.2132    8583.2629    8554.9727 
     849     51.21587   100000    72885    28150     8561.709     8593.351     8552.461 
     850    51.269413   100000    72868    28368    8557.5751    8601.6444    8550.7428 
     851    51.324485   100000    72854    27992    8562.3094    8591.9148    8553.2682 
     852    51.381147   100000    72860    28297    8565.0895    8587.3859    8553.7504 
     853     51.43816   100000    72856    27834    8564.8297    8583.9923    8558.1594 
     854    51.494189   100000    72867    28177    8565.3249    8577.3981    8563.9155 
     855    51.558717   100000    72863    28369    8568.7993     8567.583    8568.5212 
     856    51.619216   100000    72890    28208    8574.4988    8565.0899    8562.9872 
     857    51.684579   100000    72861    28296    8574.0936    8574.4385    8553.7837 
     858    51.748986   100000    72867    28246    8571.6233     8582.221    8548.6727 
     859    51.812392   100000    72850    28274    8572.0811     8594.567    8536.6845 
     860    51.872806   100000    72879    28169    8571.4448    8583.8223    8547.9594 
     861    51.933222   100000    72867    28144    8573.9915    8585.1967    8541.7881 
     862    51.999724   100000    72878    27986    8586.7783    8574.1876    8534.0355 
     863     52.05795   100000    72860    28075    8569.5795     8590.308    8543.5064 
     864    52.117179   100000    72869    28367    8565.9863    8591.1028    8548.9193 
     865    52.170801   100000    72861    28323    8576.1414    8582.5557    8543.0313 
     866     52.22863   100000    72863    28302    8582.8479    8576.6973    8538.3147 
     867    52.287233   100000    72854    28198    8576.6489    8588.0196    8536.4838 
     868    52.341462   100000    72873    27902     8572.955    8591.6397    8537.8048 
     869    52.393735   100000    72863    28370    8578.0656    8597.2261    8524.5199 
     870    52.457867   100000    72883    28308     8587.921    8593.5865     8514.236 
     871     52.52002   100000    72872    28292    8595.1964    8589.8744    8506.5295 
     872    52.572037   100000    72854    28326    8597.6439    8588.1822    8503.8805 
     873    52.628512   100000    72867    28094    8596.9295    8584.4504    8509.5188 
     874    52.687846   100000    72851    28332     8593.904    8585.3227    8513.3435 
     875    52.749414   100000    72877    27958    8585.3223    8585.0376    8524.6454 
     876    52.804917   100000    72859    28380    8593.0275    8574.8662    8524.6019 
     877    52.859584   100000    72868    28162    8584.3967    8579.1221    8532.3974 
     878    52.914423   100000    72890    28351    8582.7974    8588.9905    8525.5674 
     879    52.978775   100000    72856    28206    8584.2466    8588.5256    8524.0585 
     880    53.051368   100000    72867    28374    8582.0854     8585.214    8530.3188 
     881    53.110255   100000    72859    28171    8578.6436    8585.2016    8535.9215 
     882    53.167831   100000    72886    28296    8582.1064    8580.3584    8536.1014 
     883     53.22254   100000    72835    28098    8584.5377    8572.9872    8538.8047 
     884    53.278241   100000    72867    28331     8584.397    8574.5977    8537.3708 
     885    53.334029   100000    72857    28376    8567.1224    8593.2677    8543.9231 
     886    53.389303   100000    72882    28254    8566.1117    8598.5378    8541.2251 
     887    53.445521   100000    72859    27997    8563.5503    8593.8617    8549.7512 
     888    53.501125   100000    72847    28081    8568.0291    8582.4532    8555.2429 
     889    53.552963   100000    72858    28297    8570.9875    8575.8918    8555.4441 
     890    53.605057   100000    72858    28201    8564.6758    8586.7247     8554.214 
     891    53.656348   100000    72871    28289    8570.7678    8580.6771    8552.3933 
     892    53.709172   100000    72873    28149    8570.5331     8567.766    8564.3216 
     893    53.767424   100000    72855    28423    8571.5102    8562.9614    8568.6883 
     894    53.819244   100000    72880    28378    8577.0415    8557.5294    8565.5104 
     895    53.873139   100000    72855    28237    8579.6719    8555.3634    8564.8943 
     896     53.92715   100000    72865    28394    8587.1857    8553.9916    8553.3297 
     897    53.990373   100000    72860    28422    8588.0605    8554.6588    8551.5834 
     898    54.044675   100000    72862    28185    8585.6128     8563.964    8546.1973 
     899    54.100773   100000    72849    28409    8580.6542    8575.4474    8542.7503 
     900    54.154236   100000    72847    28235    8582.5702    8571.1063    8543.2917 
     901    54.211429   100000    72878    28167     8569.807    8585.8338      8547.99 
     902    54.265315   100000    72856    28125    8573.8231    8581.8785    8546.7428 
     903    54.323817   100000    72854    28246    8564.8973    8588.3364    8553.0824 
     904    54.395455   100000    72870    28292    8557.3058    8594.6209    8557.8549 
     905    54.458604   100000    72854    28241    8562.6187    8590.4767    8553.9468 
     906    54.513343   100000    72855    27997    8558.3888    8599.2887    8552.5274 
     907     54.57637   100000    72889    28064    8561.4445    8595.5213     8551.157 
     908    54.645734   100000    72857    28394    8560.8436    8596.7959    8550.2995 
     909    54.702221   100000    72868    28068    8555.3877    8601.2204    8554.0093 
     910    54.762643   100000    72863    28041    8561.7734    8590.3015    8554.9877 
     911     54.81778   100000    72873    28233    8562.1589    8581.3915    8564.1129 
     912    54.873632   100000    72858    28043    8563.1252    8571.1705    8572.8313 
     913    54.928272   100000    72859    28356    8561.3839    8574.7872    8572.4172 
     914    54.982486   100000    72867    27985    8561.7586    8569.3215    8576.5444 
     915    55.038225   100000    72884    28150    8550.8176    8574.4207    8588.5266 
     916    55.097351   100000    72870    28026    8551.2079    8580.6509    8582.1239 
     917    55.151659   100000    72844    28220    8545.9506    8592.7841    8577.3774 
     918    55.205165   100000    72861    28142    8555.9399    8585.9629    8569.1021 
     919    55.259177   100000    72876    28091    8556.3949    8584.8563    8568.6534 
     920    55.317968   100000    72872    28100    8556.1617    8588.4039    8566.4407 
     921     55.37601   100000    72875    28287    8553.2256    8592.5198    8566.7795 
     922    55.429716   100000    72844    28054    8557.5849    8590.5125    8561.4868 
     923    55.482457   100000    72866    28343    8563.8183    8581.3056    8561.6384 
     924    55.538316   100000    72875    28199    8566.8902    8573.2013    8565.4441 
     925    55.590823   100000    72873    28223    8569.7572    8573.5565    8560.8916 
     926    55.647409   100000    72893    28005    8564.2305    8578.1113     8564.101 
     927    55.699276   100000    72856    28332    8571.7646    8560.6042    8570.2109 
     928    55.754274   100000    72864    28213    8572.1378    8565.5662    8564.9845 
     929    55.817128   100000    72865    28212    8573.3057    8567.8915     8561.328 
     930    55.882232   100000    72889    28261    8565.1641    8577.5418    8563.7212 
     931    55.946772   100000    72892    27992    8578.5453    8558.1544    8563.1882 
     932    56.009094   100000    72850    28229    8575.9339    8559.1956    8565.7637 
     933    56.069715   100000    72857    28294     8582.409    8545.7587    8569.4846 
     934    56.121157   100000    72853    28039    8590.7877    8538.8809    8563.5841 
     935    56.173317   100000    72881    28084    8576.1992    8555.3195    8569.3625 
     936    56.227142   100000    72859    28264    8576.5237    8557.6871    8567.1283 
     937     56.28247   100000    72851    28431    8571.3532    8572.0049    8559.6016 
     938     56.33794   100000    72866    28126    8574.4204    8574.5518    8553.2079 
     939    56.395277   100000    72858    28331    8568.9332    8578.8342    8556.7248 
     940    56.449796   100000    72858    28266    8568.4754    8574.2563     8562.598 
     941    56.506394   100000    72879    28181    8572.2155    8569.9955    8558.9628 
     942    56.560429   100000    72879    28131    8567.9912    8573.4046    8564.3873 
     943    56.615556   100000    72878    28139    8564.3912    8577.0966    8565.9726 
     944    56.673729   100000    72879    28044     8565.934    8571.1913    8568.2038 
     945    56.729631   100000    72884    28292    8565.1222    8575.0249    8566.0119 
     946    56.791764   100000    72866    28169     8575.869    8562.0208    8562.8826 
     947    56.853115   100000    72867    28031    8576.0833      8556.65    8568.8288 
     948    56.906502   100000    72879    28077    8567.0736    8561.9879    8575.9472 
     949    56.962911   100000    72844    28201    8547.4637    8584.6632    8583.0242 
     950    57.016775   100000    72870    28322    8559.1747    8578.7882     8571.106 
     951    57.077938   100000    72869    28173    8558.9001    8572.0221    8578.9419 
     952    57.141297   100000    72880    28158    8563.8294    8568.9185    8574.6824 
     953    57.198156   100000    72862    28200    8573.3233    8561.6592    8567.4335 
     954    57.252077   100000    72874    28154    8568.6221    8562.3651      8574.36 
     955    57.313864   100000    72880    28179    8573.8211    8552.8367    8575.9192 
     956    57.382263   100000    72862    28176    8564.7269    8562.0791    8580.3417 
     957    57.448088   100000    72862    28262    8567.4605    8557.0142    8581.0195 
     958    57.505273   100000    72881    28190    8576.8663    8540.0624    8583.6896 
     959    57.562865   100000    72886    28201    8584.8478    8538.1321    8573.3643 
     960     57.62015   100000    72871    28252    8572.1896    8558.4242    8571.8727 
     961    57.675237   100000    72872    28129    8574.4662    8559.1039    8568.2431 
     962    57.733124   100000    72850    28197    8566.8934     8564.172    8574.6462 
     963    57.795113   100000    72879    28195    8566.3753    8569.3059    8570.1259 
     964    57.850854   100000    72865    28131    8576.4634    8560.8863    8563.7643 
     965      57.9026   100000    72854    28373    8576.0469    8552.1297    8572.3487 
     966    57.957791   100000    72861    27674    8571.1827    8558.7449    8573.2841 
     967    58.013816   100000    72856    28148    8566.3156    8558.6313    8580.9177 
     968    58.070768   100000    72839    28384    8561.3088    8559.8679    8586.9912 
     969    58.128033   100000    72904    28002    8558.5872    8564.6639    8585.7929 
     970    58.192471   100000    72848    28033    8558.2533    8559.9354    8591.9032 
     971    58.255195   100000    72865    28072     8562.285     8561.496    8583.7632 
     972    58.312489   100000    72847    28091    8557.3433    8564.4268    8588.9346 
     973    58.369814   100000    72862    28085    8560.2336    8559.3175    8589.6911 
     974    58.423135   100000    72869    28397     8564.133    8558.1195    8584.2808 
     975    58.477824   100000    72863    28137    8557.5529    8564.9869    8587.8435 
     976     58.53543   100000    72873    28390    8546.5648    8571.6168    8597.4153 
     977    58.591772   100000    72871    28339    8547.1403    8576.5941    8591.4779 
     978    58.650831   100000    72845    27953    8556.8611    8572.2028    8581.7411 
     979    58.705484   100000    72871    27946    8558.4843    8568.3917    8583.1824 
     980    58.761966   100000    72858    28217    8552.7679    8573.5604    8586.7434 
     981    58.817284   100000    72868    28174    8544.2618    8589.4871    8582.4219 
     982    58.869692   100000    72841    28385     8552.497    8583.8061    8575.8117 
     983    58.922528   100000    72844    28301    8552.7427    8589.8111    8570.1158 
     984    58.978782   100000    72874    28193     8552.382    8594.8487    8565.1429 
     985    59.037305   100000    72858    28230    8557.4892    8593.2034    8559.6251 
     986    59.100641   100000    72873    28244    8550.2658    8606.6838    8557.1498 
     987    59.167713   100000    72855    28138    8558.6273    8600.8694    8549.8291 
     988    59.226182   100000    72834    28228    8560.6976    8600.0941    8547.9581 
     989    59.282951   100000    72863    28066    8570.8397    8585.4106    8547.6394 
     990    59.339205   100000    72870    28322    8574.0518    8589.0569    8539.2622 
     991    59.392405   100000    72845    28301    8582.8044    8586.8651    8527.5868 
     992    59.450097   100000    72852    28147     8592.183    8579.7394    8521.0849 
     993     59.50908   100000    72876    28203    8589.4327    8577.4706    8527.5767 
     994    59.568305   100000    72870    28328    8592.3922    8581.4288    8519.7023 
     995    59.628454   100000    72845    28255    8581.4009    8600.8392    8516.5468 
     996    59.690576   100000    72864    28060     8577.323    8604.3946    8518.2965 
     997    59.753821   100000    72846    28331    8596.1362    8583.0216    8512.5407 
     998    59.817217   100000    72871    28223    8586.9799    8591.9743    8515.5363 
     999    59.877347   100000    72867    28111      8578.59    8594.0724    8527.1588 
    1000    59.940689   100000    72869    28343    8582.4192    8594.1782    8521.6553 