Step CPU Np Natt Ncoll c_St c_Sr c_Sv 
       0            0   100000        0        0    19990.731    10.001807    9.9847899 
       1     0.467309   100000    12580     6295    19801.683    228.93797    74.620987 
       2     1.185323   100000    73768    35956    18825.352    1370.8029    397.25209 
       3    1.7667241   100000    74023    35511    17951.487    2362.0744    716.77766 
       4     2.341681   100000    74023    34751    17181.422    3233.1065    1000.8432 
       5    2.8447151   100000    74023    34400    16499.722    3983.4932    1273.0063 
       6     3.415081   100000    74023    34159    15866.313    4685.3433    1521.2694 
       7    3.7280331   100000    74023    33609    15313.649    5283.2216    1752.3871 
       8    3.9561629   100000    74022    33290    14805.001    5815.9954    1982.5857 
       9    4.2152421   100000    74023    32924    14340.704    6307.0813    2187.9453 
      10    4.6262801   100000    74023    32607    13936.787    6727.3772    2373.5254 
      11    5.0976441   100000    74023    32364     13568.34    7096.0507    2557.5226 
      12    5.6169581   100000    74023    32205    13236.046     7417.724    2734.2901 
      13    6.0602241   100000    74023    31835    12943.014    7688.4492    2903.1128 
      14    6.5233021   100000    74023    31518    12673.368    7946.9781    3049.0528 
      15     6.880971   100000    74023    31441    12420.889    8184.6474    3190.1016 
      16     7.236717   100000    74023    31321    12199.725    8379.2159    3327.2787 
      17    7.6325641   100000    74023    30951      11994.2    8562.3114    3452.4719 
      18     8.056258   100000    74023    30904    11805.926    8712.1046    3585.0891 
      19     8.482656   100000    74023    30867    11635.165    8856.7683    3696.5673 
      20     8.883791   100000    74023    30735    11467.595    8982.8412    3821.8484 
      21     9.296874   100000    74023    30785    11319.785    9087.2454    3939.1598 
      22    9.7406011   100000    74023    30550    11174.316    9192.3739    4052.2346 
      23    10.101398   100000    74023    30341    11066.417    9251.2202    4155.2375 
      24    10.499563   100000    74023    30365    10960.608    9311.4426    4253.7286 
      25    10.895843   100000    74023    30030    10848.413    9389.7891    4343.6742 
      26    11.302344   100000    74023    29985    10748.061    9447.1643    4436.8264 
      27    11.648758   100000    74023    29807    10646.721    9512.1702    4523.8317 
      28    11.988519   100000    74023    29956    10564.122    9557.9482     4601.951 
      29    12.423594   100000    74023    29971    10477.832    9601.4994     4687.836 
      30      12.7675   100000    74023    29792    10383.879    9656.0237    4774.2401 
      31    13.216901   100000    74023    29788    10310.669    9691.1146    4848.9647 
      32    13.578656   100000    74023    29816    10243.098    9722.4804    4918.9548 
      33    13.946708   100000    74022    29469    10178.576    9748.7647    4989.4544 
      34    14.355204   100000    74023    29482    10111.181    9780.4016    5058.9098 
      35    14.753919   100000    74023    29656    10064.715    9785.9751    5123.0356 
      36     15.27702   100000    74023    29569    10014.408    9801.6716    5182.7985 
      37    15.775416   100000    74023    29508    9975.9504    9808.3083    5233.8489 
      38    16.271094   100000    74023    29439    9944.5114    9797.2838     5292.032 
      39    16.671506   100000    74023    29540    9909.2669    9788.0963    5354.0862 
      40      17.0842   100000    74023    29078    9861.7627    9796.9467    5416.4921 
      41    17.406736   100000    74023    29339    9836.2168    9786.1555    5465.6021 
      42    17.816298   100000    74023    29234    9795.7564    9783.8742     5528.574 
      43     18.19186   100000    74023    29252    9755.9417    9787.1854    5584.9848 
      44    18.552755   100000    74023    29162    9726.3421    9787.6733    5628.8963 
      45     18.93212   100000    74023    29209    9690.8157    9786.1759    5683.6833 
      46    19.311683   100000    74023    29187    9656.8106    9777.6535    5743.2134 
      47    19.711385   100000    74023    29326     9633.251    9772.3974    5783.8088 
      48    20.032245   100000    74023    28912    9612.1538    9760.4865    5827.3656 
      49      20.4255   100000    74023    29093    9573.8433    9758.2468    5887.0711 
      50    20.804411   100000    74023    29413    9542.4737    9758.1976    5934.1746 
      51    21.143602   100000    74023    28830    9519.6748    9743.4907    5983.0799 
      52    21.513892   100000    74023    29001    9499.1804     9733.683    6023.6292 
      53    21.844221   100000    74023    29108    9475.8314    9724.1386     6068.197 
      54    22.217763   100000    74023    29083     9468.884    9701.4467    6101.3101 
      55    22.548136   100000    74023    29130    9442.3867    9709.4882    6133.0146 
      56    23.006265   100000    74023    28942    9420.2886    9705.4628    6170.1871 
      57    23.381272   100000    74022    29279    9402.5143    9698.3464     6203.965 
      58    23.755575   100000    74023    28996    9376.6794    9694.4274    6246.6363 
      59    24.170321   100000    74023    28901    9350.3654    9695.9535    6284.5813 
      60    24.508505   100000    74023    28735    9335.3461    9680.1536      6322.91 
      61    24.876614   100000    74023    28986    9321.7946    9670.2631    6353.1278 
      62    25.312627   100000    74023    28733    9305.0652    9666.0434    6382.4417 
      63     25.69705   100000    74023    28784     9296.983     9642.387    6418.2213 
      64    26.127401   100000    74023    28856    9274.6152    9642.8487    6451.3113 
      65     26.67626   100000    74023    28947    9251.8624    9643.9651     6484.324 
      66    27.280458   100000    74023    28802    9239.5084    9629.0548    6517.7654 
      67    27.719461   100000    74023    28646    9225.1851    9622.6374    6545.6678 
      68    28.100448   100000    74023    29082    9218.7941    9603.3843    6574.5074 
      69     28.51482   100000    74023    28903    9200.7788    9600.4126     6604.502 
      70    28.923271   100000    74023    28604    9181.1173    9597.6241    6636.7827 
      71    29.335007   100000    74023    28840     9162.059    9590.8682    6672.1261 
      72    29.681269   100000    74023    28742    9134.9907    9594.1125    6709.4842 
      73    30.116923   100000    74023    28777    9121.7932    9588.4022    6734.9908 
      74    30.530041   100000    74023    28703    9110.8434    9577.2875    6762.5302 
      75     30.90502   100000    74023    28666    9098.5958    9570.7484    6787.4406 
      76    31.347959   100000    74023    28712    9083.6277    9577.8084    6802.8329 
      77    31.773781   100000    74023    28640    9072.2673    9569.8337    6827.8482 
      78    32.197339   100000    74023    28583    9064.5027     9557.612    6851.7168 
      79    32.566141   100000    74023    28711    9063.4745    9539.2945    6871.5766 
      80    32.886672   100000    74023    28670    9049.3551    9527.5895    6904.4608 
      81    33.342253   100000    74022    28524    9039.8312    9518.7471    6927.5889 
      82    33.762878   100000    74023    28551    9040.9527    9489.7689    6954.8849 
      83     34.46954   100000    74023    28571    9033.2724    9483.5365    6972.6377 
      84    35.248826   100000    74023    28627    9018.2937    9484.6997    6993.9426 
      85     35.59678   100000    74023    28823    9007.5509    9480.8372    7013.9193 
      86    36.079179   100000    74023    28769    9008.4034    9467.4444    7026.0332 
      87    36.462947   100000    74023    28491    9001.9552    9459.0076    7044.1424 
      88    36.820686   100000    74023    28463    8986.1103     9460.373    7066.5443 
      89    37.193581   100000    74023    28313    8982.5331    9444.0957    7088.1875 
      90    37.628027   100000    74023    28351    8975.2708    9431.4934    7111.6832 
      91    37.955543   100000    74023    28584    8955.7664     9436.189    7136.2442 
      92    38.391574   100000    74023    28991    8953.6328    9424.8245    7150.8091 
      93    38.774812   100000    74023    28505    8956.1807    9401.0826    7170.7292 
      94    39.164673   100000    74023    28468    8948.6778    9388.0614    7195.0047 
      95    39.507445   100000    74023    28534    8938.8322     9379.378    7218.4566 
      96    39.897152   100000    74023    28368    8935.4729    9368.8903    7233.9831 
      97    40.259163   100000    74023    28543    8917.8734    9376.3267     7252.946 
      98    40.685661   100000    74023    28364    8908.2608    9365.3237     7278.368 
      99    41.079444   100000    74023    28312      8898.83    9362.5396    7295.2982 
     100    41.355219   100000    74023    28558    8887.6601    9358.5053    7316.0873 
     101    41.516104   100000    74023    28440    8884.1656    9353.7483    7326.0861 
     102    41.678572   100000    74023    28495    8880.1251    9343.7828    7342.1124 
     103    41.826423   100000    74023    28307    8881.8852    9322.9558    7360.2992 
     104      41.9759   100000    74023    28470    8866.4442    9333.4265    7372.9899 
     105     42.12895   100000    74022    28495     8854.799    9330.0354    7393.8489 
     106    42.265424   100000    74023    28558    8862.0141     9308.301    7404.7607 
     107    42.451136   100000    74023    28442    8848.5655    9313.7902    7419.4443 
     108    42.982284   100000    74023    28291    8842.0217     9308.287    7434.7634 
     109    43.614012   100000    74023    28314     8838.672    9298.4868     7449.588 
     110    44.397502   100000    74023    28606    8839.9287    9285.7584    7460.4313 
     111    45.193398   100000    74023    28483    8824.7478    9285.7882    7483.1729 
     112    45.679421   100000    74023    28427    8827.7504    9271.6147    7492.8425 
     113    46.396552   100000    74023    28283    8820.2335    9272.3987    7503.3338 
     114    46.826555   100000    74023    28296    8826.6807    9255.0932    7510.9686 
     115    46.977607   100000    74023    28255    8829.0449    9234.8122    7527.7033 
     116    47.125989   100000    74023    28613    8827.3273    9223.7767    7541.3152 
     117     47.27224   100000    74023    28471     8826.785    9214.6941    7551.2113 
     118    47.407567   100000    74023    28635    8824.3373    9210.7047    7558.8722 
     119    47.544931   100000    74023    28622    8828.5876    9187.6718    7575.5296 
     120    47.678503   100000    74023    28422    8830.3492    9174.2839    7586.2752 
     121    47.807668   100000    74023    28278    8821.9268    9162.4143    7610.7783 
     122     47.93361   100000    74023    28344    8817.9138    9161.3391    7617.8729 
     123    48.056276   100000    74023    28491     8802.978    9170.8534    7630.7624 
     124    48.178636   100000    74023    28759    8800.8634    9172.0643    7632.7233 
     125    48.297506   100000    74023    28333    8796.3495    9174.8744    7636.6841 
     126      48.4208   100000    74023    28533     8791.317    9172.4464    7646.6609 
     127    48.540903   100000    74023    28407    8776.7136    9181.3724      7659.64 
     128    48.660134   100000    74023    28515    8769.3584    9175.7812     7676.264 
     129    48.779807   100000    74023    28724    8751.5682    9188.4007    7690.3299 
     130    48.899295   100000    74022    28462    8738.2694     9196.054    7702.6247 
     131     49.02011   100000    74023    28427    8744.5554    9183.2882    7705.9615 
     132    49.137991   100000    74023    28236    8742.7258     9175.661    7716.3332 
     133     49.25349   100000    74023    28272    8746.4982    9157.5753    7728.7603 
     134     49.36696   100000    74023    28374    8746.9277    9145.2614    7740.4299 
     135    49.483632   100000    74023    28398    8739.1316     9140.609    7756.7764 
     136    49.597939   100000    74023    28218    8737.3969    9137.3364    7762.6511 
     137    49.721976   100000    74023    28453    8747.8631    9121.9705    7762.3176 
     138    49.845914   100000    74023    28501    8731.5061    9129.8652    7778.9584 
     139    49.980503   100000    74023    28089    8729.7275    9128.6624    7782.8292 
     140    50.102803   100000    74023    28351    8719.0636    9132.5859    7794.9015 
     141    50.217874   100000    74023    28628    8724.6887    9114.4457    7804.6041 
     142    50.332464   100000    74023    28334    8725.4462    9105.5616    7812.3519 
     143    50.474113   100000    74023    28272    8723.5452    9100.5551    7820.2099 
     144    50.592821   100000    74023    28420    8726.9421    9083.9529    7831.7167 
     145    50.703949   100000    74023    28399    8730.3339    9074.0624    7836.5196 
     146    50.815685   100000    74023    28332    8738.8399    9055.1336    7842.6894 
     147    50.928957   100000    74023    28321    8726.0633     9061.478      7855.51 
     148    51.040529   100000    74023    28389    8726.0527    9050.3498     7866.654 
     149    51.152849   100000    74023    28193    8726.5029    9041.8947    7874.4338 
     150    51.266732   100000    74023    28207    8717.6934    9043.6207    7885.9219 
     151    51.377427   100000    74023    28336    8709.5512    9044.2551    7897.5008 
     152    51.488064   100000    74023    28068    8701.0043     9044.925    7909.6514 
     153    51.601639   100000    74023    28182    8706.0416    9032.6101    7914.4102 
     154    51.718066   100000    74022    28363    8689.9906    9047.1279     7923.969 
     155    51.836847   100000    74023    28073    8678.4312    9056.7556    7931.6804 
     156     51.95493   100000    74023    28240     8685.921    9041.7502     7935.451 
     157    52.064776   100000    74023    28466    8679.6858    9048.0427    7938.5114 
     158    52.176108   100000    74023    28182    8672.1359    9054.3564    7943.5227 
     159    52.290156   100000    74023    28329    8677.1919    9039.0214    7951.2736 
     160    52.402573   100000    74023    28002    8691.7401    9016.0364    7952.4363 
     161    52.518243   100000    74023    28274     8687.863    9011.4682    7962.8201 
     162    52.626786   100000    74023    28317    8692.1868    8999.3324    7968.4702 
     163     52.73977   100000    74023    28326    8692.9531     8996.934    7969.7192 
     164    52.861508   100000    74023    28452    8687.7716    9005.4868    7968.9387 
     165    52.982642   100000    74023    28198    8672.9029    9016.7648    7979.9636 
     166    53.108037   100000    74023    28109    8670.8334     9021.413    7978.4197 
     167    53.234745   100000    74023    28365    8664.8732    9023.4642    7985.3089 
     168    53.356141   100000    74023    28396    8661.8516    9017.1818    7996.1235 
     169    53.480511   100000    74023    28339    8656.2329    9018.0435    8003.6899 
     170    53.592254   100000    74023    27960    8657.3492    9014.8422    8005.2167 
     171    53.703763   100000    74023    27981    8656.4613     9011.448    8009.9429 
     172    53.810576   100000    74023    28216    8659.7184    9001.4855    8015.0196 
     173    53.918968   100000    74023    28229     8653.882    8998.2757    8026.9842 
     174    54.026546   100000    74023    28404    8641.6466    9006.2478    8037.3652 
     175    54.137419   100000    74023    28183    8640.7342     8998.804    8046.1775 
     176    54.246116   100000    74023    27881    8628.8125    9002.1578    8060.7062 
     177    54.356234   100000    74023    28046    8630.1331    8992.1286    8068.7545 
     178    54.469219   100000    74022    28530     8638.884    8972.6939    8075.0629 
     179      54.5885   100000    74023    28306    8644.4536    8956.1465    8083.2559 
     180    54.707639   100000    74023    28161     8649.154     8944.405    8087.9468 
     181     54.82983   100000    74023    28155    8655.1047    8933.6564    8089.7693 
     182    54.952994   100000    74023    28243    8656.2734    8924.7854    8096.8873 
     183    55.072433   100000    74023    28066    8654.1867    8912.9594    8111.8433 
     184    55.198704   100000    74023    28008    8662.0018    8890.0744    8123.0058 
     185    55.328954   100000    74023    28244    8659.8142    8896.3837    8119.9778 
     186    55.437146   100000    74023    28092    8655.3979    8895.7125    8127.2735 
     187    55.551064   100000    74023    28015    8657.2306    8888.6515    8131.5854 
     188    55.657337   100000    74023    28271    8649.3338    8889.8624    8142.2198 
     189    55.763147   100000    74023    28280    8640.1087    8898.2501    8147.6697 
     190    55.869218   100000    74023    28398     8632.786    8900.2462    8156.6577 
     191    55.974859   100000    74023    27974    8629.3186    8903.5084    8158.5964 
     192    56.083575   100000    74023    27888    8623.9727    8901.0641    8169.0596 
     193    56.198713   100000    74023    28066    8627.0329    8894.5665     8170.967 
     194    56.311168   100000    74023    28246    8616.5258    8897.2222     8184.072 
     195      56.4231   100000    74023    27901    8621.5495    8879.1547    8194.6038 
     196    56.531325   100000    74023    28286    8620.6591    8881.6596    8193.4346 
     197    56.638575   100000    74023    28109    8617.1415    8880.3436    8200.0269 
     198    56.746256   100000    74023    28164    8605.5574    8888.8273    8208.9194 
     199    56.853829   100000    74023    28139     8607.599    8880.1718    8214.5124 
     200    56.963006   100000    74023    28076    8615.5406    8870.6115    8212.1604 
     201    57.079722   100000    74023    28212    8616.5166     8867.418    8213.8899 
     202    57.193241   100000    74022    28211    8615.6177    8866.3426    8216.3137 
     203    57.317356   100000    74023    28138    8617.7639    8863.7431    8215.6938 
     204    57.440126   100000    74023    28253    8608.6745    8869.9813    8223.0898 
     205    57.564144   100000    74023    28362    8608.5754    8864.9753    8228.2444 
     206    57.688898   100000    74023    28295    8608.8789    8862.3616    8230.4028 
     207    57.813622   100000    74023    28102    8597.6048    8872.3497    8237.3259 
     208    57.941264   100000    74023    28184    8592.4403    8873.7769    8243.6454 
     209    58.065595   100000    74023    28508    8594.1783    8872.7432    8242.0722 
     210    58.174903   100000    74023    28091    8585.7624    8876.6541    8250.7851 
     211    58.287433   100000    74023    28243    8586.2886    8871.4337    8255.2162 
     212    58.400599   100000    74023    28194    8581.4724    8871.3204    8262.5539 
     213    58.531439   100000    74023    28308    8577.8883    8867.8481    8271.4022 
     214    58.655347   100000    74023    28243    8571.9296    8871.4825    8276.7059 
     215    58.776678   100000    74023    28428    8570.4639    8863.8664    8286.5206 
     216    58.898462   100000    74023    28196    8562.6177    8870.1685    8291.9877 
     217    59.025981   100000    74023    28216    8560.7363    8871.8729    8293.1055 
     218    59.154553   100000    74023    28238    8574.2582    8853.1295     8291.566 
     219    59.278915   100000    74023    28148    8567.4213    8859.3858    8295.5651 
     220    59.388376   100000    74023    28322    8561.2509    8858.2999    8305.9066 
     221    59.506976   100000    74023    28283    8546.6651    8872.0758    8314.0094 
     222    59.615627   100000    74023    28098    8552.4907     8863.524    8313.8227 
     223    59.729752   100000    74023    28022    8542.1925    8873.7766    8319.0175 
     224    59.840275   100000    74023    28258    8541.6537    8874.9107    8318.6915 
     225    59.951845   100000    74023    27967     8533.574    8877.9338     8327.788 
     226    60.067515   100000    74022    28097    8532.9714    8880.6962    8325.9295 
     227    60.185169   100000    74023    28023    8538.1593    8874.6767    8324.1671 
     228    60.293514   100000    74023    28264    8530.7573    8879.0678     8330.879 
     229    60.401985   100000    74023    28150     8538.657    8865.8919    8332.2054 
     230     60.51522   100000    74023    28261    8542.4491    8859.3416    8333.0675 
     231    60.626938   100000    74023    28125    8546.3658    8849.5756    8336.9585 
     232    60.737904   100000    74023    28166    8549.6892    8841.7402    8339.8088 
     233    60.843836   100000    74023    28157    8558.4022    8837.1618    8331.3178 
     234    60.951306   100000    74023    28182    8558.6959    8843.6741    8324.3648 
     235    61.062478   100000    74023    28119    8552.0335    8841.7596    8336.2729 
     236    61.194664   100000    74023    28148    8552.3984    8838.6847    8338.8005 
     237    61.309966   100000    74023    28079    8547.9829    8838.5217    8345.5868 
     238    61.417603   100000    74023    28153    8543.4292    8836.7899    8354.1491 
     239    61.536991   100000    74023    28252    8550.0965    8825.5504    8355.3877 
     240    61.647179   100000    74023    28325    8540.7655    8830.8167    8364.1178 
     241    61.757878   100000    74023    28183    8537.1406    8834.5165    8365.8554 
     242    61.868096   100000    74023    28112    8531.8705    8837.9746    8370.3024 
     243    61.975957   100000    74023    27977    8518.7536    8853.4078    8374.5446 
     244    62.086274   100000    74023    28133    8525.8535     8843.995    8373.3076 
     245    62.212772   100000    74023    27933    8531.3248     8834.528    8374.5676 
     246    62.337562   100000    74023    28318    8528.8133     8835.673    8377.1899 
     247    62.446904   100000    74023    28066    8524.0557    8835.9019    8384.0974 
     248    62.556921   100000    74023    28380    8517.2334    8851.7744    8378.4583 
     249    62.669647   100000    74023    27897    8510.0677     8856.136    8384.8453 
     250    62.777205   100000    74023    28471    8511.7209    8855.3239    8383.1775 
     251    62.890135   100000    74022    28066    8520.1905     8847.931    8377.8661 
     252    62.999015   100000    74023    28054    8505.5792    8863.9986    8383.7154 
     253    63.117536   100000    74023    28256    8513.9117    8862.3707    8372.8445 
     254    63.234811   100000    74023    28234    8519.4164    8851.7716    8375.1866 
     255    63.342472   100000    74023    28133    8519.0905    8841.8105    8385.6366 
     256    63.450775   100000    74023    28102    8508.7158    8851.3631     8391.646 
     257    63.575893   100000    74023    28228       8505.8    8846.5063    8400.8765 
     258     63.69059   100000    74023    28113    8502.3624    8845.6167    8406.9224 
     259    63.804178   100000    74023    28186    8507.8441    8839.2236    8405.0931 
     260    63.914959   100000    74023    28412     8496.823    8844.4081    8416.4401 
     261    64.030202   100000    74023    28120    8491.0478    8844.7318    8424.7792 
     262    64.141803   100000    74023    28033    8490.2395    8847.1374    8423.5862 
     263    64.264777   100000    74023    28346    8485.2247    8853.3708    8424.8749 
     264    64.379491   100000    74023    28351    8488.1961     8851.479    8422.3096 
     265    64.496203   100000    74023    28180    8496.9278    8835.7127    8424.9784 
     266     64.61255   100000    74023    28153    8493.3965    8839.2504    8426.7376 
     267     64.72191   100000    74023    28129    8482.2597     8851.325    8431.3683 
     268    64.828563   100000    74023    27873    8473.7945    8859.8741     8435.517 
     269    64.936077   100000    74023    28067    8465.5439    8860.3346    8447.4324 
     270    65.044796   100000    74023    28336     8469.569    8851.3029    8450.4264 
     271    65.155705   100000    74023    28219    8473.2361     8842.453    8453.7757 
     272    65.279056   100000    74023    28085    8474.9086     8838.312    8455.4079 
     273    65.400225   100000    74023    28002    8473.3434    8836.9218    8459.1459 
     274    65.517365   100000    74023    27934     8473.703    8834.7496    8460.7787 
     275     65.63552   100000    74022    27980    8467.4014    8840.1397     8464.841 
     276    65.758746   100000    74023    28329    8463.2323    8837.1493    8474.0851 
     277    65.902384   100000    74023    28064    8479.7637    8818.5631    8467.8741 
     278    66.029536   100000    74023    27934    8480.6111    8814.8774    8470.2888 
     279    66.162093   100000    74023    28095    8477.4231    8826.9011     8463.047 
     280     66.28989   100000    74023    28044    8481.4619    8814.7677    8469.1222 
     281    66.421064   100000    74023    28319    8485.8461    8812.9193    8464.3944 
     282    66.551168   100000    74023    28049    8484.7034    8808.6172    8470.4105 
     283    66.687028   100000    74023    28414    8483.0754    8812.9944    8468.4753 
     284    66.810049   100000    74023    28205    8478.6615    8808.8856     8479.205 
     285     66.92129   100000    74023    28162    8487.0525    8797.0307    8478.4733 
     286    67.043381   100000    74023    28124    8486.7282    8790.4273    8485.5631 
     287    67.171828   100000    74023    27905    8482.2654    8793.1045    8489.5802 
     288    67.305023   100000    74023    28142    8482.4157    8791.6764    8490.7829 
     289     67.44625   100000    74023    28381    8485.7047     8783.907    8493.6188 
     290    67.628765   100000    74023    27976    8479.7553    8794.8489    8491.6009 
     291    67.751562   100000    74023    28193    8485.7848    8791.9112    8485.4944 
     292    67.909727   100000    74023    28097    8483.9959    8790.1581     8489.931 
     293     68.06725   100000    74023    27933     8485.157    8789.7875    8488.5599 
     294    68.209348   100000    74023    28137    8482.9553    8793.8443    8487.8055 
     295    68.347465   100000    74023    28064    8499.3241    8772.6625    8484.4342 
     296     68.49074   100000    74023    28220    8485.2227    8786.1876    8492.0612 
     297    68.632906   100000    74023    27950    8487.2586    8784.8112    8490.3837 
     298    68.777054   100000    74023    28237    8468.8358    8803.2368    8499.5923 
     299    68.923809   100000    74022    27748    8467.9294    8805.1233    8499.0654 
     300    69.082005   100000    74023    28291    8473.6479    8795.8783    8499.7327 
     301    69.222106   100000    74023    28128     8475.981    8793.6898    8498.4215 
     302    69.348866   100000    74023    28173    8484.8894    8785.7809    8492.9678 
     303    69.494027   100000    74023    28150    8485.0234    8787.0344    8491.5132 
     304    69.621405   100000    74023    28000     8482.585    8792.7982    8489.4071 
     305    69.761461   100000    74023    28137    8479.9748    8787.2646     8498.856 
     306    69.879422   100000    74023    28280    8482.8994    8782.6221    8499.1116 
     307    70.007145   100000    74023    28363    8474.9149    8794.7975     8498.913 
     308    70.135281   100000    74023    27921    8477.0519    8782.8827    8507.6223 
     309    70.259944   100000    74023    28055    8470.0576    8784.6024     8516.394 
     310    70.384025   100000    74023    28338    8465.2796    8788.1092    8520.0542 
     311    70.518169   100000    74023    27960    8473.2322    8780.4362    8515.7983 
     312    70.648381   100000    74023    27876    8466.9554    8792.7636     8512.886 
     313     70.78264   100000    74023    28082    8469.7592    8789.9066    8511.5374 
     314    70.927094   100000    74023    28119     8461.689    8797.2017    8516.3476 
     315    71.079731   100000    74023    28044    8451.9092     8804.502     8523.717 
     316    71.225192   100000    74023    28115    8452.8298    8800.8562    8525.9819 
     317    71.372857   100000    74023    27871    8450.9454    8806.8838    8522.7809 
     318    71.511569   100000    74023    27980    8454.7529    8803.3901    8520.5633 
     319    71.637438   100000    74023    28139    8457.4436    8803.3546    8516.5628 
     320    71.776639   100000    74023    28042    8468.8713    8799.5816    8503.1942 
     321    71.897236   100000    74023    28098    8458.4208    8806.3276    8512.1241 
     322    72.017802   100000    74023    27991    8462.2635    8809.2667    8503.4209 
     323    72.140727   100000    74022    28332    8473.9217    8785.8649    8509.3354 
     324    72.267696   100000    74023    27936    8471.9689    8785.8005    8512.3289 
     325    72.382569   100000    74023    28094    8470.4137    8790.2392     8510.223 
     326    72.504745   100000    74023    27924    8475.2197    8786.5339    8506.7193 
     327    72.617527   100000    74023    28136    8475.9208    8788.9984    8503.2033 
     328    72.733454   100000    74023    27993    8472.4805    8794.8194    8502.5427 
     329    72.868205   100000    74023    28045    8473.7405    8786.5011     8508.971 
     330    73.011787   100000    74023    28153    8479.1851    8773.4694    8513.8358 
     331    73.130495   100000    74023    27837    8477.6426    8773.7021    8515.9168 
     332    73.249182   100000    74023    27910    8472.0513    8776.5454    8521.4604 
     333    73.361676   100000    74023    28219     8470.127    8779.9493    8520.9431 
     334    73.516522   100000    74023    28551     8489.292    8756.8784    8515.2664 
     335    73.656584   100000    74023    28396     8490.711    8747.8627    8522.1536 
     336    73.782808   100000    74023    27897    8491.7648    8739.9719    8528.4637 
     337    73.969308   100000    74023    28159    8504.2394     8728.547    8521.1766 
     338    74.112115   100000    74023    28397    8510.3056    8715.3997    8525.2247 
     339     74.23898   100000    74023    28082    8513.2414     8715.798    8520.4226 
     340     74.35828   100000    74023    28138    8503.5306    8730.6059     8520.181 
     341    74.482264   100000    74023    28221    8499.2033    8728.9487     8528.329 
     342    74.615153   100000    74023    28146    8495.8293    8735.3984    8526.9404 
     343    74.734537   100000    74023    28232    8494.6046    8725.9689     8538.207 
     344    74.850133   100000    74023    28002    8493.0805     8724.766     8541.696 
     345    74.968976   100000    74023    28021    8489.4987    8720.8659    8550.9689 
     346    75.087251   100000    74023    28224    8491.2338    8718.5357    8550.6965 
     347    75.213382   100000    74023    28106    8497.6036    8711.0201    8548.6573 
     348    75.339809   100000    74022    28063    8499.2547     8707.626    8549.5747 
     349    75.462264   100000    74023    28067    8504.6401    8704.7018    8544.4209 
     350    75.583127   100000    74023    27946    8497.9781    8712.0034    8547.1122 
     351    75.707469   100000    74023    27919    8491.3855    8722.7586    8546.2459 
     352    75.823384   100000    74023    28049    8488.4221    8719.3853    8554.0643 
     353    75.940331   100000    74023    28101    8496.3141    8700.5359    8561.0758 
     354    76.055561   100000    74023    28242    8491.7177     8709.281    8559.2252 
     355    76.170545   100000    74023    28027    8495.0093    8700.4816    8563.0872 
     356    76.287211   100000    74023    28043    8496.1916    8693.3281    8568.4674 
     357    76.401342   100000    74023    28196    8493.6692    8693.6239    8571.9551 
     358     76.51809   100000    74023    28055    8501.2116    8683.6696    8570.5958 
     359    76.632511   100000    74023    28086    8505.6902    8675.8861    8571.6614 
     360     76.74779   100000    74023    28262    8493.4626     8694.982    8570.9069 
     361    76.861654   100000    74023    28181    8494.6419    8692.1226    8571.9973 
     362    76.976345   100000    74023    28180    8491.7361    8695.5017     8572.977 
     363    77.090179   100000    74023    28083    8493.7679    8697.1366    8568.2943 
     364    77.205404   100000    74023    28095    8485.7933    8706.9273    8570.4655 
     365    77.320785   100000    74023    28228    8493.9943    8701.3674    8563.7239 
     366    77.436742   100000    74023    28178    8487.3285    8709.6883    8565.4018 
     367    77.551494   100000    74023    27960    8493.3361    8704.4919    8561.5868 
     368    77.663784   100000    74023    28096    8494.9304    8712.5801    8551.1072 
     369    77.774308   100000    74023    27665    8485.9525    8723.3701    8553.7839 
     370    77.885488   100000    74023    27961    8483.3345     8721.031      8560.05 
     371     78.00079   100000    74023    28102     8478.731    8724.5589    8563.4275 
     372    78.115293   100000    74022    27866    8467.6588    8737.8245    8566.7701 
     373    78.228896   100000    74023    28105    8465.2767    8737.8786    8570.2891 
     374    78.341103   100000    74023    28029    8473.3233    8728.7259    8567.3721 
     375    78.456221   100000    74023    27972    8470.3916    8729.1372    8571.3582 
     376    78.567179   100000    74023    28218    8458.7963    8738.4847    8579.4036 
     377    78.677557   100000    74023    28205    8458.9089    8742.9624    8574.7571 
     378    78.788224   100000    74023    28191    8451.1688    8757.4688    8571.8607 
     379    78.898827   100000    74023    28170      8449.58     8758.967    8572.7459 
     380    79.014536   100000    74023    27947    8448.9461      8762.69    8569.9736 
     381    79.132277   100000    74023    28167    8444.5284    8766.3454    8572.9448 
     382    79.247724   100000    74023    28038     8441.101    8773.4999    8570.9314 
     383    79.361221   100000    74023    28124    8449.2667    8758.6595    8573.5232 
     384    79.476261   100000    74023    28143    8447.7938    8762.1289    8572.2632 
     385    79.592474   100000    74023    28041    8438.2579    8771.8656    8576.8304 
     386    79.703651   100000    74023    28208    8445.0184     8761.631    8576.9242 
     387    79.817208   100000    74023    28123    8457.4245    8743.4576    8576.4885 
     388    79.930527   100000    74023    27852    8454.6712    8738.6185    8585.4576 
     389    80.050424   100000    74023    27932     8449.968    8737.7511    8593.3797 
     390    80.165269   100000    74023    28222    8453.1839    8733.6644    8592.6425 
     391    80.288574   100000    74023    28302    8458.4583    8726.8133    8591.5821 
     392    80.402235   100000    74023    28123    8451.8716    8735.7168    8592.5586 
     393    80.517119   100000    74023    27798    8458.4346     8729.202    8589.2289 
     394    80.642764   100000    74023    28254    8460.2198    8720.2775    8595.4757 
     395    80.762742   100000    74023    28139    8455.6998    8725.1196    8597.4136 
     396     80.87809   100000    74022    28096    8467.1555    8709.8342    8595.5154 
     397     80.99704   100000    74023    28140    8467.5669    8707.3158    8597.4167 
     398    81.114041   100000    74023    27857     8470.778    8706.3294    8593.5863 
     399    81.232154   100000    74023    28086    8468.2041    8705.0283    8598.7483 
     400    81.350144   100000    74023    28054    8463.0667    8713.6296    8597.8532 
     401    81.492914   100000    74023    28166    8454.3458    8711.3362    8613.2279 
     402    81.626083   100000    74023    28173    8461.3489    8701.0611    8612.9984 
     403    81.763022   100000    74023    28247    8462.5908    8694.3086     8617.888 
     404    81.903451   100000    74023    28118    8459.5811    8695.5276    8621.1836 
     405    82.050933   100000    74023    28022    8462.1392    8698.3203    8614.5537 
     406    82.187024   100000    74023    27957    8461.4858     8690.621    8623.2331 
     407     82.31455   100000    74023    27916    8451.4257    8706.4538    8622.4904 
     408     82.42631   100000    74023    28135    8452.2141    8709.7505    8618.0112 
     409    82.550026   100000    74023    27855    8448.4635    8714.3271    8619.0605 
     410    82.663008   100000    74023    28183    8442.2671    8713.9721    8628.7101 
     411    82.774759   100000    74023    28063    8446.2629    8711.3384    8625.3501 
     412    82.886612   100000    74023    27967    8444.7878    8710.2585    8628.6426 
     413    83.002869   100000    74023    27795    8435.8714    8717.6823    8634.5934 
     414    83.115348   100000    74023    28015    8436.1763    8719.3959    8632.4224 
     415    83.231101   100000    74023    28012    8441.2246    8714.7684    8629.4775 
     416    83.344131   100000    74023    28143    8436.4811    8726.5251    8624.8361 
     417     83.45766   100000    74023    28070    8439.6444    8721.8306    8624.7857 
     418    83.571877   100000    74023    27859    8427.7028    8732.9778    8631.5507 
     419    83.684588   100000    74023    27949    8431.9174    8731.1217     8627.085 
     420     83.79491   100000    74022    28283    8431.5889    8720.6183    8638.0811 
     421    83.906398   100000    74023    27996    8423.8113    8723.5304    8646.8354 
     422    84.018082   100000    74023    28129     8433.298     8721.435    8634.7008 
     423    84.128222   100000    74023    27994    8455.9182    8695.4234    8626.7822 
     424      84.2385   100000    74023    28079    8453.7606    8697.2391    8628.2029 
     425    84.347999   100000    74023    28085    8451.8249    8701.3538    8626.9917 
     426    84.457961   100000    74023    28145    8435.3844    8719.1001    8633.9061 
     427     84.56788   100000    74023    28255     8442.913    8703.0737    8638.6396 
     428    84.676752   100000    74023    28149    8440.2845    8703.0177    8642.6383 
     429    84.783786   100000    74023    28026    8431.6292    8712.6988    8645.9402 
     430    84.894182   100000    74023    27985    8434.6377    8705.8365    8648.2897 
     431    85.009804   100000    74023    28166    8436.8226    8706.8274    8644.0215 
     432    85.121236   100000    74023    28039    8437.1047    8702.0424    8648.3833 
     433    85.240593   100000    74023    27953    8448.1663    8690.1124     8643.721 
     434     85.34978   100000    74023    28187    8439.1242    8700.6018    8646.7947 
     435    85.462395   100000    74023    28040    8440.2251    8695.8002    8649.9449 
     436    85.579681   100000    74023    27972    8437.3141    8701.8601    8648.2515 
     437    85.694063   100000    74023    27982    8443.5719    8695.2633    8645.4616 
     438    85.805857   100000    74023    27892    8442.9284    8702.2585    8639.4317 
     439    85.915683   100000    74023    27866    8447.1915     8697.789    8637.5066 
     440    86.024648   100000    74023    28109    8447.5586    8690.5038    8644.2411 
     441    86.134122   100000    74023    27941    8436.4752     8704.098    8647.2721 
     442     86.24386   100000    74023    27919     8441.564    8697.7323    8646.0045 
     443    86.352563   100000    74023    27883    8441.6337    8703.9833    8639.6489 
     444    86.469898   100000    74023    28020    8442.9642    8694.4546    8647.1819 
     445    86.581805   100000    74022    27914     8430.873    8703.9745    8655.7988 
     446    86.690711   100000    74023    28131     8432.056     8700.311    8657.6879 
     447    86.799383   100000    74023    28106    8431.8029    8695.9053    8662.4732 
     448    86.911162   100000    74023    27990    8433.7214     8694.096    8661.4047 
     449    87.031464   100000    74023    27931    8433.5788     8690.896    8664.8187 
     450    87.153885   100000    74023    27885    8435.1863    8693.7787    8659.5246 
     451     87.27485   100000    74023    28041    8417.0476    8715.3555     8665.156 
     452    87.385839   100000    74023    27779    8425.4226    8713.3004    8654.6484 
     453    87.509092   100000    74023    27876    8420.8456    8714.2443      8660.57 
     454    87.624996   100000    74023    28195    8424.9641    8707.9797     8660.657 
     455    87.746545   100000    74023    27859    8422.5061    8714.3381    8657.9856 
     456    87.858948   100000    74023    28079    8422.8864    8713.0552     8658.698 
     457    87.976434   100000    74023    27806    8423.7682    8708.6119    8661.8186 
     458    88.089551   100000    74023    27785    8424.1362    8697.9303    8671.9483 
     459    88.207724   100000    74023    28117    8427.1483    8690.4738    8674.8865 
     460    88.321287   100000    74023    27960    8419.5199    8700.0324    8676.7706 
     461    88.431517   100000    74023    27980    8423.1816    8697.2402    8674.0702 
     462    88.544427   100000    74023    28173    8419.5629    8700.4362    8676.3022 
     463    88.657036   100000    74023    27850     8418.675    8702.1689    8675.9014 
     464     88.77359   100000    74023    27955    8420.0968    8698.7126    8677.2251 
     465    88.891729   100000    74023    28116     8419.903    8700.6355    8675.5929 
     466    89.001899   100000    74023    28077    8421.0024    8693.7135    8680.8657 
     467    89.141237   100000    74023    27983    8429.6658    8681.0772    8680.5068 
     468    89.296256   100000    74023    28023    8433.9498    8677.4293    8677.7287 
     469    89.426054   100000    74022    28198    8425.1467    8683.6861    8684.6767 
     470    89.541563   100000    74023    27981    8433.6249    8679.6151    8676.0303 
     471    89.656124   100000    74023    27920    8436.5899    8673.2609     8677.937 
     472    89.769068   100000    74023    28106    8446.8067    8672.5572    8663.3156 
     473    89.877356   100000    74023    28142     8430.201    8690.0665    8670.7148 
     474    89.989647   100000    74023    28150    8437.1617    8684.8643     8665.476 
     475     90.10412   100000    74023    28000    8444.4143    8677.7739    8661.6874 
     476    90.225005   100000    74023    28299     8455.154    8665.0045    8658.3474 
     477     90.33883   100000    74023    28295    8457.8593    8652.7069     8666.587 
     478    90.446383   100000    74023    28160    8458.0174    8647.5475    8671.5091 
     479    90.558384   100000    74023    28132    8456.0907    8646.8469    8675.0998 
     480    90.671059   100000    74023    28055    8437.5513    8668.9323    8680.8236 
     481    90.782307   100000    74023    27960    8446.8496    8659.5443    8676.2641 
     482    90.895592   100000    74023    28140    8454.8299    8642.6607    8681.1773 
     483    91.004773   100000    74023    28163    8450.8109    8653.5682    8676.2983 
     484    91.117158   100000    74023    28128    8446.1091    8665.2602     8671.659 
     485    91.229779   100000    74023    27872    8449.5235    8662.0679    8669.7296 
     486    91.345079   100000    74023    28064    8451.3642     8665.547    8663.4895 
     487    91.464183   100000    74023    28057     8449.637    8666.4557    8665.1716 
     488    91.581802   100000    74023    28079    8452.3319      8666.38    8661.2049 
     489    91.699982   100000    74023    27788    8455.9282    8666.0855     8656.105 
     490    91.811152   100000    74023    27878    8451.5043    8673.6269    8655.1994 
     491    91.921874   100000    74023    28162    8445.7955    8682.9242    8654.4653 
     492    92.030379   100000    74023    28280    8438.9828    8694.5487    8653.0599 
     493    92.143115   100000    74022    28087    8440.0956    8690.6028    8655.3365 
     494    92.253379   100000    74023    27988    8435.9969    8694.1954     8657.892 
     495    92.361604   100000    74023    28176    8441.2047    8694.2905    8649.9853 
     496    92.473348   100000    74023    28176    8443.2368    8693.7694    8647.4582 
     497    92.594522   100000    74023    28022    8438.3486    8691.4588    8657.1011 
     498    92.715626   100000    74023    28293    8442.6137    8690.1784    8651.9838 
     499    92.824664   100000    74023    28287    8449.4545    8681.2495    8650.6516 
     500    92.933004   100000    74023    28237    8453.8365    8669.3519    8655.9762 
     501     93.04673   100000    74023    28121    8446.1867    8676.5986    8660.2041 
     502    93.158616   100000    74023    27982    8434.4616    8690.5647    8663.8257 
     503     93.26866   100000    74023    27884    8431.7465    8697.4939    8660.9692 
     504    93.380117   100000    74023    28089    8432.7313    8695.4347    8661.5511 
     505    93.487458   100000    74023    27842    8442.3637    8683.1275    8659.4097 
     506     93.59816   100000    74023    27876    8442.8816    8682.8422    8658.9182 
     507    93.713989   100000    74023    28223    8442.7355    8671.5509    8670.4287 
     508    93.829822   100000    74023    28092    8435.1294    8682.4313    8670.9574 
     509    93.942169   100000    74023    27851    8427.2381    8683.6839    8681.5418 
     510    94.053933   100000    74023    28156    8429.4792    8676.7502    8685.1139 
     511    94.180305   100000    74023    28208    8425.2939    8678.2636    8689.8784 
     512    94.299612   100000    74023    28111    8416.6448    8689.6486     8691.467 
     513    94.417609   100000    74023    28165    8416.4599    8689.4459    8691.9471 
     514    94.540158   100000    74023    28110    8421.5962    8682.2591    8691.4294 
     515    94.655973   100000    74023    27984    8420.3084    8688.2536    8687.3666 
     516    94.776549   100000    74023    28081    8425.4777    8677.3571    8690.5092 
     517    94.890188   100000    74022    28014    8429.9099     8680.105     8681.113 
     518    95.004036   100000    74023    28211    8437.4732    8671.9242    8677.9488 
     519    95.115784   100000    74023    28097     8435.901     8675.324    8676.9073 
     520    95.225537   100000    74023    28011    8439.4633    8675.0231    8671.8648 
     521    95.343402   100000    74023    28103    8448.8758     8664.339    8668.4301 
     522    95.461939   100000    74023    27970    8441.6183    8674.1794    8669.4759 
     523    95.578363   100000    74023    28126    8435.6615    8677.7933    8674.7974 
     524    95.693982   100000    74023    27747    8432.5273    8680.1033    8677.1885 
     525    95.803265   100000    74023    27914    8434.7689    8678.7545     8675.175 
     526     95.91627   100000    74023    27947    8429.7872    8689.3519    8672.0501 
     527    96.028872   100000    74023    28058    8441.5217    8672.9406    8670.8596 
     528    96.144895   100000    74023    28024    8439.3323    8674.9691    8672.1152 
     529    96.257646   100000    74023    28018    8438.1248    8676.8098    8672.0859 
     530    96.368659   100000    74023    28047    8447.9226    8671.4195    8662.7793 
     531    96.479433   100000    74023    28188    8453.7247    8668.8256      8656.67 
     532    96.585893   100000    74023    27914    8458.7893     8658.964    8658.9348 
     533    96.698399   100000    74023    28309    8456.4407    8661.9141    8659.5077 
     534    96.811325   100000    74023    28075    8447.3271    8679.0485    8656.0437 
     535    96.922235   100000    74023    27966    8440.1475    8685.3604     8660.501 
     536    97.038905   100000    74023    28148    8438.1735    8681.9655     8666.857 
     537    97.153437   100000    74023    28122    8422.9828    8695.7999    8675.8087 
     538    97.271952   100000    74023    27963    8417.3486    8706.1512    8673.9088 
     539    97.386726   100000    74023    28029    8413.0988    8714.0611    8672.3735 
     540      97.5024   100000    74023    27976    8410.9233    8712.9435    8676.7544 
     541    97.617777   100000    74023    27994    8407.2773     8707.708    8687.4589 
     542    97.736552   100000    74022    27941    8402.7195    8720.4988    8681.5047 
     543    97.854899   100000    74023    28083     8413.773    8711.0561    8674.3672 
     544    97.970749   100000    74023    28199    8405.6201    8723.0755    8674.5772 
     545    98.082906   100000    74023    27964    8405.1897    8733.7745    8664.5238 
     546    98.194423   100000    74023    28110    8399.5714    8739.1582    8667.5676 
     547     98.31079   100000    74023    28101    8409.7679    8728.8893    8662.5417 
     548    98.421122   100000    74023    27993    8416.4581    8718.0929    8663.3027 
     549    98.533725   100000    74023    27953     8418.756    8711.4436    8666.5052 
     550    98.654074   100000    74023    28008    8418.8023    8710.2845    8667.5949 
     551    98.766572   100000    74023    27999    8430.1934    8693.3622    8667.4305 
     552    98.876776   100000    74023    28141    8428.1981    8691.7407    8672.0449 
     553    98.990531   100000    74023    28160    8438.2223    8680.0427    8668.7067 
     554    99.105239   100000    74023    28175    8424.7902    8696.7881    8672.1093 
     555    99.223786   100000    74023    28097    8418.4216    8705.4752    8672.9752 
     556    99.335603   100000    74023    28104    8412.2893    8704.0149     8683.634 
     557    99.451098   100000    74023    28198     8415.373    8697.3969    8685.6263 
     558    99.565388   100000    74023    27931    8425.4424     8689.087    8678.8321 
     559    99.675734   100000    74023    28023    8425.8743    8686.9836    8680.2878 
     560    99.791029   100000    74023    27905     8432.018    8668.5553    8689.5005 
     561    99.909179   100000    74023    27988    8431.9698    8671.5599    8686.5682 
     562    100.04109   100000    74023    28030    8423.2814    8679.0982    8692.0625 
     563    100.19197   100000    74023    28115    8418.4822    8682.2295    8696.1301 
     564    100.31138   100000    74023    28111    8418.8753    8682.1809     8695.589 
     565    100.48047   100000    74023    28291    8414.0458    8685.5563    8699.4578 
     566    100.63095   100000    74022    28134    8420.4998    8683.6136    8691.7194 
     567    100.77614   100000    74023    28310    8408.2888    8697.8282    8695.8213 
     568    100.89843   100000    74023    28037    8408.1566    8700.1275    8693.7204 
     569    101.01571   100000    74023    28005    8405.0493    8704.9427    8693.5661 
     570    101.13429   100000    74023    28287    8400.0377      8711.03    8694.9963 
     571     101.2565   100000    74023    28018    8396.5028    8714.8576     8696.471 
     572    101.38249   100000    74023    28015    8402.0678     8703.728    8699.2532 
     573        101.5   100000    74023    28103    8401.1462    8699.0276    8705.3359 
     574    101.62825   100000    74023    27897    8398.4881    8712.0548    8696.2959 
     575     101.7516   100000    74023    27828     8409.255    8698.9013    8693.2989 
     576    101.87267   100000    74023    27896    8418.7446    8684.4399    8693.5259 
     577    102.00309   100000    74023    27940    8424.7665     8675.794    8693.1392 
     578    102.14446   100000    74023    27995    8431.2487     8668.068    8691.1418 
     579    102.28155   100000    74023    28025    8430.5856    8675.8284     8684.376 
     580    102.43031   100000    74023    28050    8427.7347    8682.1021    8682.3787 
     581    102.56833   100000    74023    27936    8423.2864    8690.7593    8680.3939 
     582     102.6894   100000    74023    27969    8427.1427    8689.9942    8675.3746 
     583    102.82463   100000    74023    28091    8425.2965    8689.1662    8678.9718 
     584    102.95249   100000    74023    28002    8438.9267    8676.3217    8671.3711 
     585    103.12299   100000    74023    27895    8435.3185    8683.1293    8669.9757 
     586    103.28059   100000    74023    28058    8424.8606    8683.2008    8685.5911 
     587     103.4089   100000    74023    28003    8425.0637    8696.2711    8672.2162 
     588    103.53364   100000    74023    27960    8429.9436    8688.5362    8672.6312 
     589    103.65974   100000    74023    28053     8418.743    8697.9013    8680.0671 
     590    103.78142   100000    74022    28133    8416.9344    8691.2723    8689.4089 
     591    103.90801   100000    74023    27884    8417.0527    8696.4864    8684.0174 
     592    104.04407   100000    74023    27921    8423.9763    8692.8997    8677.2187 
     593    104.17358   100000    74023    28101    8435.1923    8681.7482    8671.5462 
     594    104.30293   100000    74023    28122    8435.9408    8681.1318    8671.0397 
     595    104.43335   100000    74023    27908    8438.5194    8671.7269    8676.5768 
     596    104.55906   100000    74023    28070    8441.8258    8665.1787    8678.1654 
     597    104.68233   100000    74023    28083    8439.4396    8674.1289    8672.7945 
     598    104.80429   100000    74023    27961    8428.6653      8685.03    8678.0549 
     599    104.92596   100000    74023    27966    8427.3561     8688.344    8676.7047 
     600    105.04876   100000    74023    27847    8424.7775    8693.6735     8675.243 
     601    105.17463   100000    74023    27903    8423.2052    8701.7374    8669.5375 
     602    105.29891   100000    74023    28142    8428.3133    8691.8617    8671.7512 
     603    105.43231   100000    74023    28097    8428.8517    8688.4998    8674.3054 
     604    105.55605   100000    74023    27982    8415.5923    8705.7479    8676.9464 
     605    105.67453   100000    74023    28008    8409.3875    8712.4434    8679.5581 
     606    105.80158   100000    74023    28087    8401.9992    8722.2332    8680.8509 
     607    105.94498   100000    74023    28041    8408.4724    8718.4225    8674.9517 
     608    106.08625   100000    74023    28132    8402.4217    8727.2425    8675.2078 
     609    106.22354   100000    74023    27875    8412.4953    8715.0821    8672.2578 
     610    106.34393   100000    74023    27737    8401.1538    8728.3467    8676.0054 
     611    106.46115   100000    74023    28273    8402.5052    8728.2879     8674.037 
     612    106.58097   100000    74023    28096    8416.3806     8715.661    8665.8509 
     613    106.70121   100000    74023    27986    8424.6478      8705.68     8663.431 
     614    106.81728   100000    74022    28116    8430.3253    8697.6949    8662.8999 
     615    106.93714   100000    74023    28097    8435.3977    8689.4644    8663.5219 
     616    107.06031   100000    74023    28176    8444.0323    8682.3143    8657.7201 
     617    107.19208   100000    74023    28215    8445.8569     8683.399    8653.8984 
     618    107.32297   100000    74023    27959     8440.646    8674.7599    8670.3539 
     619     107.4498   100000    74023    28206    8454.4167    8658.3657     8666.092 
     620    107.58737   100000    74023    27840    8458.0275    8656.2316    8662.8099 
     621    107.72924   100000    74023    28074     8447.335    8669.1507    8665.9296 
     622    107.86887   100000    74023    27968    8452.7313    8657.3756    8669.6103 
     623    108.01354   100000    74023    28160    8442.8213    8668.5346    8673.3163 
     624    108.15188   100000    74023    27953     8435.939    8670.2668    8681.9075 
     625    108.27953   100000    74023    28069    8429.3498    8672.2159    8689.8423 
     626    108.41777   100000    74023    28159    8429.4256    8667.6763    8694.2682 
     627    108.55441   100000    74023    27989    8429.5485    8672.1882    8689.5719 
     628    108.69067   100000    74023    28130    8422.7392    8678.5057    8693.4684 
     629    108.81932   100000    74023    28164    8416.8746    8691.5704    8689.2006 
     630    108.94651   100000    74023    27907    8419.3461     8682.119    8694.9447 
     631    109.06765   100000    74023    27962    8417.3015    8690.9671    8689.1634 
     632    109.18897   100000    74023    28070    8423.4567    8679.0748    8691.8229 
     633    109.31286   100000    74023    27922    8430.9892    8669.9546    8689.6444 
     634    109.43242   100000    74023    27853    8427.0191    8678.6202    8686.9339 
     635    109.57711   100000    74023    28075     8421.025    8680.2014    8694.3439 
     636    109.70906   100000    74023    28147    8419.4274    8683.2303    8693.7113 
     637    109.83333   100000    74023    27911    8415.7177    8689.1565    8693.3498 
     638    109.95578   100000    74023    27947    8418.2939    8686.0911    8692.5509 
     639    110.07699   100000    74022    28088    8419.9922      8689.86    8686.2345 
     640    110.19968   100000    74023    28179     8434.332    8675.4284    8679.1564 
     641    110.32581   100000    74023    27951     8439.717    8670.6418    8675.8656 
     642    110.67228   100000    74023    27934    8437.5535    8663.3192    8686.4334 
     643    110.79391   100000    74023    28051    8440.3895    8661.9146    8683.5839 
     644    110.94216   100000    74023    28354    8435.6421    8665.1674    8687.4522 
     645    111.12086   100000    74023    28015     8427.398    8681.0731    8683.9128 
     646    111.27732   100000    74023    28152     8425.331    8686.3886    8681.6978 
     647     111.4178   100000    74023    27999    8427.4164    8688.3336    8676.6246 
     648    111.54401   100000    74023    27822     8429.452    8680.5219    8681.3828 
     649    111.67064   100000    74023    28097    8432.4132    8678.5805    8678.8825 
     650    111.79324   100000    74023    27949    8417.8315    8691.9835    8687.3521 
     651    111.91209   100000    74023    27868    8410.5541    8702.7878    8687.4638 
     652    112.02995   100000    74023    27940     8421.683    8691.3431    8682.2152 
     653    112.15681   100000    74023    27996    8419.6424    8683.7352     8692.884 
     654    112.27525   100000    74023    28027    8416.9698    8691.0695    8689.5587 
     655    112.39915   100000    74023    28058    8417.5188    8685.9762    8693.8284 
     656    112.58371   100000    74023    27811     8416.664    8684.9826    8696.1041 
     657    112.99836   100000    74023    28027    8419.6319    8678.2348    8698.4002 
     658    113.29962   100000    74023    27962    8429.3564    8661.2054    8700.8428 
     659    113.76437   100000    74023    27955    8433.6018    8653.3194    8702.3607 
     660    114.24624   100000    74023    27993    8427.6164    8666.1072     8698.551 
     661    114.69207   100000    74023    27860    8426.7442    8665.7246    8700.2419 
     662    115.16654   100000    74023    28212    8427.6431    8662.8746    8701.7435 
     663    115.65204   100000    74022    27850    8421.0876    8665.4512    8709.0003 
     664    116.06115   100000    74023    28298    8417.9861     8671.934    8707.1697 
     665    116.57169   100000    74023    27940    8415.0638      8673.43     8710.057 
     666    116.92897   100000    74023    27904    8419.6451     8672.471    8704.1442 
     667    117.46523   100000    74023    28061    8409.7825    8684.7997    8706.6094 
     668    117.84745   100000    74023    27993    8402.7427    8686.1968     8715.772 
     669    118.25789   100000    74023    28352    8390.0034    8695.6416    8725.4361 
     670    118.61591   100000    74023    28034    8386.2485    8694.2951     8732.415 
     671    119.00671   100000    74023    28370    8388.0587    8689.0219    8734.9729 
     672    119.35693   100000    74023    27943    8388.2652    8693.4901    8730.1949 
     673     119.7365   100000    74023    27900    8387.3022    8696.0923    8729.0372 
     674    119.99427   100000    74023    27933    8386.5917    8703.7074    8722.4879 
     675     120.3642   100000    74023    27831    8403.9935    8686.7262    8713.3664 
     676    120.72706   100000    74023    27983    8408.6649    8690.2571    8702.8283 
     677    121.19747   100000    74023    28028    8407.8391    8683.8442    8710.4799 
     678    121.56844   100000    74023    27999    8400.7776    8692.0174    8712.8991 
     679    122.00062   100000    74023    28067    8402.6287    8699.4074    8702.7324 
     680    122.40623   100000    74023    28006    8402.7716    8701.4035    8700.5219 
     681    122.77486   100000    74023    28087    8398.3791    8703.0894    8705.4247 
     682    123.03516   100000    74023    27961    8391.3945    8715.0202    8703.9709 
     683    123.37369   100000    74023    28179    8394.4897    8712.2263    8702.1219 
     684    123.70205   100000    74023    27818    8390.0083    8712.4258    8708.6446 
     685    124.04816   100000    74023    27944     8392.617    8710.3388    8706.8185 
     686    124.36377   100000    74023    28223    8389.9825    8717.9557    8703.1534 
     687    124.72071   100000    74022    27935    8379.3638    8725.3736    8711.6634 
     688    125.05526   100000    74023    27993     8382.891    8715.2584    8716.4879 
     689     125.4104   100000    74023    28088    8386.9489    8710.1251    8715.5343 
     690    125.76957   100000    74023    28153    8377.9137    8714.4578    8724.7544 
     691    126.19873   100000    74023    27825    8381.0783    8701.1081    8733.3572 
     692    126.53382   100000    74023    27903    8389.7441    8688.3374    8733.1292 
     693    126.89553   100000    74023    28062     8392.054    8691.1805    8726.8213 
     694    127.28237   100000    74023    28156    8393.6823    8688.4118    8727.1476 
     695    127.62285   100000    74023    27939    8391.9679    8679.5415    8738.5895 
     696     127.9182   100000    74023    28011    8403.5655    8655.9322    8744.8024 
     697    128.23668   100000    74023    28087    8404.2702    8660.3833    8739.2941 
     698     128.5648   100000    74023    27990    8404.7053    8648.1246    8750.9002 
     699    128.88482   100000    74023    28219    8410.9204    8639.2996    8750.4025 
     700    129.25463   100000    74023    28162    8410.3309    8640.2313    8750.3552 
     701    129.63702   100000    74023    28064    8415.3908    8634.7486     8748.248 
     702    129.94254   100000    74023    28002    8406.5647     8641.108    8755.1277 
     703      130.265   100000    74023    27978    8417.3852    8635.9719    8744.0332 
     704    130.58689   100000    74023    28055    8420.0438    8631.9423    8744.0747 
     705    130.92879   100000    74023    28010    8415.9639    8644.1983    8737.9386 
     706    131.35131   100000    74023    28077    8418.6808    8641.0418    8737.0198 
     707    131.75274   100000    74023    28025    8424.0384      8640.53    8729.4952 
     708     132.0349   100000    74023    28006    8416.4527    8645.1646    8736.2391 
     709    132.29089   100000    74023    27862    8420.6592    8635.7497    8739.3443 
     710     132.6254   100000    74023    28020    8420.2406    8639.1212    8736.6007 
     711    132.86963   100000    74022    28131    8426.7893    8632.1316    8733.7673 
     712    133.12744   100000    74023    27763    8426.3028    8632.3505    8734.2781 
     713     133.4216   100000    74023    28196    8416.7536    8647.3103    8733.6422 
     714    133.65366   100000    74023    27992    8409.0308    8660.3869    8732.1497 
     715    133.93353   100000    74023    27926    8410.8107    8661.0931    8728.7737 
     716    134.22704   100000    74023    28015    8410.2631    8667.1199    8723.5682 
     717    134.49661   100000    74023    28138    8419.8296    8659.9081    8716.4303 
     718    134.71148   100000    74023    27954     8417.384    8672.9357    8707.0711 
     719    134.89286   100000    74023    28049    8420.5649     8666.731    8708.5044 
     720    135.05918   100000    74023    28028    8424.8578    8655.8213    8712.9749 
     721    135.23856   100000    74023    28201     8424.986    8657.7103    8710.8936 
     722    135.40338   100000    74023    28284    8423.5799    8662.6393    8708.0736 
     723    135.57832   100000    74023    28065    8432.3403    8662.5392    8695.0331 
     724    135.73906   100000    74023    27898     8424.712    8676.3752    8692.6397 
     725    135.88774   100000    74023    28033     8423.172    8680.2502    8691.0746 
     726     136.0282   100000    74023    27975    8418.6288    8683.8218    8694.3179 
     727    136.16372   100000    74023    28209    8423.4094    8673.3706    8697.5981 
     728    136.29747   100000    74023    27767    8424.9641    8672.9925    8695.6442 
     729    136.42275   100000    74023    28057    8429.9851     8666.128    8694.9772 
     730    136.54583   100000    74023    27849    8426.1834    8672.1247     8694.683 
     731    136.67102   100000    74023    28166    8418.9762    8678.6862    8698.9322 
     732    136.79812   100000    74023    28112    8422.2338    8672.6394    8700.0926 
     733    136.92258   100000    74023    28153    8432.3971    8662.2735    8695.2136 
     734    137.04591   100000    74023    28057     8434.081    8657.7086    8697.2526 
     735    137.16632   100000    74023    28180    8430.7801    8665.1554    8694.7573 
     736    137.28322   100000    74022    28108    8432.7045    8662.2759    8694.7502 
     737     137.3998   100000    74023    27919    8435.6528     8660.567    8692.0367 
     738    137.53134   100000    74023    28166     8432.893    8668.1178    8688.6256 
     739    137.64668   100000    74023    28266     8432.607    8665.9418    8691.2306 
     740    137.76027   100000    74023    27968      8434.46    8661.4974    8692.8955 
     741    137.87451   100000    74023    27973     8432.324    8671.8104    8685.7865 
     742    137.98722   100000    74023    28078    8432.6783    8674.4568    8682.6085 
     743    138.10708   100000    74023    27959    8434.1734    8665.2524    8689.5704 
     744     138.2216   100000    74023    27883    8440.2361    8657.2615     8688.467 
     745    138.34127   100000    74023    28182    8430.0726    8671.7026    8689.2713 
     746     138.4577   100000    74023    27973    8431.5086    8672.7941    8686.0257 
     747    138.58226   100000    74023    27925    8422.6345    8684.9375    8687.1936 
     748    138.70606   100000    74023    28072    8422.5394    8688.4694    8683.8043 
     749    138.82982   100000    74023    27774    8422.6651    8686.2971     8685.788 
     750    138.95212   100000    74023    27854    8415.5605    8693.6472    8689.0949 
     751    139.08593   100000    74023    27934     8412.654    8694.1674    8692.9344 
     752    139.20729   100000    74023    27897    8416.1316     8692.068    8689.8174 
     753    139.32865   100000    74023    27806    8418.0889    8688.3244     8690.625 
     754    139.44742   100000    74023    27957    8416.3173     8696.307    8685.2998 
     755    139.57384   100000    74023    28098    8409.3457    8700.4366    8691.6276 
     756    139.68713   100000    74023    28039     8399.453    8709.9271    8696.9762 
     757    139.79956   100000    74023    27786     8396.991    8716.3973    8694.1991 
     758    139.93739   100000    74023    28113    8398.8566    8712.1303    8695.6676 
     759    140.20034   100000    74023    28118    8410.7729    8698.5174    8691.4061 
     760    140.54056   100000    74022    27927    8416.4826    8689.0819    8692.2769 
     761     140.8004   100000    74023    27899      8422.34    8682.8518     8689.721 
     762    141.12651   100000    74023    28036    8421.6671    8683.4803    8690.1019 
     763    141.26799   100000    74023    28024    8419.2231    8689.3419    8687.9062 
     764    141.40478   100000    74023    28238    8409.6934    8696.9701    8694.5726 
     765     141.5273   100000    74023    28200    8402.9566    8702.0797    8699.5681 
     766    141.64867   100000    74023    28003    8418.2191    8687.5919    8691.1623 
     767    141.77167   100000    74023    28110     8422.882    8676.4554    8695.3044 
     768    141.89106   100000    74023    28134    8425.2502    8677.0496    8691.1578 
     769    142.01128   100000    74023    28063    8424.9924    8679.9647    8688.6295 
     770    142.13338   100000    74023    28033    8429.8381    8673.4736    8687.8519 
     771    142.25203   100000    74023    28180     8431.647    8674.8188    8683.7935 
     772    142.37196   100000    74023    28080    8420.9302    8695.1083    8679.5793 
     773    142.48816   100000    74023    28032    8417.1258    8689.3082     8691.086 
     774    142.60511   100000    74023    28072    8424.6413    8679.5573    8689.5636 
     775    142.72177   100000    74023    28078    8422.7224    8683.2029    8688.7963 
     776    142.83822   100000    74023    28219     8425.556    8681.3692    8686.3796 
     777    142.95315   100000    74023    28222    8427.7387    8676.7364    8687.7384 
     778    143.07156   100000    74023    28311    8427.9483    8678.1983     8685.962 
     779     143.1879   100000    74023    27909    8424.4675    8681.7277    8687.6539 
     780    143.30231   100000    74023    28130    8422.2232    8683.6898    8689.0582 
     781    143.41574   100000    74023    28064    8427.4185     8678.349    8686.6061 
     782    143.52991   100000    74023    28227     8419.102    8682.9812    8694.4485 
     783    143.64364   100000    74023    27743    8415.5571    8684.7238    8698.0234 
     784    143.75801   100000    74022    27987    8405.7407    8697.8522    8699.6195 
     785    143.87663   100000    74023    28314    8408.6174    8692.9359    8700.2208 
     786    143.99142   100000    74023    27984    8406.3368    8691.2845     8705.293 
     787    144.10857   100000    74023    27841    8405.6924    8697.6245    8699.9198 
     788    144.22349   100000    74023    27992    8413.2208    8682.1011    8704.1505 
     789     144.3411   100000    74023    28053     8419.009    8674.5376    8703.0316 
     790    144.45592   100000    74023    27961    8425.4434    8667.7356    8700.1821 
     791    144.57693   100000    74023    27761    8413.3307    8675.9852    8710.1016 
     792     144.6916   100000    74023    28064     8410.017    8675.1236    8715.9337 
     793    144.80279   100000    74023    27995    8416.2842     8662.108    8719.5486 
     794    144.91983   100000    74023    28307    8411.2715    8657.5764    8731.5992 
     795    145.03767   100000    74023    28203    8413.3059    8661.7453    8724.3786 
     796    145.15309   100000    74023    28121    8418.7302    8656.0563    8721.9311 
     797    145.26677   100000    74023    28086    8421.9373    8656.7565    8716.4203 
     798    145.38628   100000    74023    27806    8414.3688    8658.6697    8725.8598 
     799    145.50044   100000    74023    27975     8401.287    8667.4978    8736.6546 
     800    145.61203   100000    74023    27922    8395.9774    8672.9878     8739.129 
     801    145.72423   100000    74023    28131    8401.3129    8661.9761    8742.1373 
     802     145.8364   100000    74023    28011    8417.4674    8639.6187    8740.2631 
     803    145.94856   100000    74023    28083     8420.535    8631.8102    8743.4702 
     804    146.06063   100000    74023    28016    8420.5609    8641.4074    8733.8341 
     805    146.17461   100000    74023    28247    8414.9432    8640.4269    8743.2412 
     806    146.28664   100000    74023    28060    8412.6946    8637.0354    8750.0055 
     807    146.40083   100000    74023    28006    8412.8464    8649.3844    8737.4287 
     808    146.51578   100000    74022    28007    8416.9196    8643.2932    8737.4102 
     809    146.62948   100000    74023    28260    8407.3089    8649.6119    8745.5075 
     810    146.74303   100000    74023    27707     8397.691    8659.3482    8750.1981 
     811    146.85742   100000    74023    28044    8397.8797    8658.6125    8750.6508 
     812    146.97077   100000    74023    28055    8391.4807    8666.6708     8752.191 
     813    147.09644   100000    74023    27989    8399.0238    8657.5414    8750.0057 
     814    147.30048   100000    74023    27947    8400.0536    8654.3599    8751.6425 
     815    147.61245   100000    74023    28101    8403.0374    8647.4756    8754.0512 
     816     147.9232   100000    74023    27949    8402.8048    8644.7818    8757.0938 
     817    148.12927   100000    74023    27980    8412.5526    8629.2711    8757.9828 
     818    148.32386   100000    74023    27907    8404.8546    8633.3301    8765.4708 
     819    148.47418   100000    74023    28345    8390.9478    8653.3998    8766.2612 
     820    148.59872   100000    74023    28019    8388.1696    8654.1844     8769.644 
     821     148.7228   100000    74023    27869    8386.7021    8659.8926     8766.137 
     822    148.84415   100000    74023    27988    8390.0445    8652.1105    8768.9056 
     823    148.96505   100000    74023    27932    8390.2477    8655.6065    8765.1048 
     824    149.08832   100000    74023    28074    8393.7141    8657.4402    8758.0714 
     825    149.20661   100000    74023    28026    8396.5633    8655.0949     8756.143 
     826    149.32564   100000    74023    27859    8393.4062    8654.3456    8761.6279 
     827    149.44605   100000    74023    28300    8401.8268    8635.5183    8767.8242 
     828    149.56574   100000    74023    28146    8401.8712    8636.0254    8767.2507 
     829    149.68414   100000    74023    27880    8403.5376    8635.2578    8765.5186 
     830    149.80837   100000    74023    28287    8405.6705    8634.3674    8763.2096 
     831    149.92517   100000    74023    27938     8403.169    8646.2454    8755.0839 
     832    150.04561   100000    74023    27963    8401.7206    8649.1968    8754.3051 
     833    150.16721   100000    74022    27956    8410.4791    8640.1242    8750.2399 
     834    150.29293   100000    74023    28042     8404.178    8651.2457      8748.57 
     835    150.42038   100000    74023    28190    8389.0173    8672.9431    8749.6138 
     836    150.54315   100000    74023    28127    8387.4073    8672.1202    8752.8516 
     837    150.66446   100000    74023    28049    8391.6219    8665.9692    8752.6808 
     838    150.93566   100000    74023    27840    8393.1796    8660.6451    8755.6683 
     839    151.26428   100000    74023    28028    8392.6752    8664.5187    8752.5513 
     840    151.75137   100000    74023    28119    8396.0605    8668.8629    8743.1291 
     841    152.40783   100000    74023    28071    8394.9011    8670.4445    8743.2867 
     842    152.97554   100000    74023    27956    8404.0548    8657.7242    8742.2763 
     843    153.47405   100000    74023    27933    8400.7856    8661.4003    8743.5041 
     844    154.01555   100000    74023    28154    8403.1828    8655.1703    8746.1384 
     845    154.84191   100000    74023    27962    8404.2466    8647.8331    8751.8797 
     846    155.44792   100000    74023    27960    8400.1991    8653.0167    8752.7675 
     847    156.11906   100000    74023    28020    8397.7823    8660.9136    8748.4958 
     848    156.72585   100000    74023    28012    8389.4781    8674.6063    8747.2593 
     849    157.30361   100000    74023    27815    8390.9476    8678.8737    8740.7877 
     850    157.80306   100000    74023    27977     8402.137    8664.8483    8738.0289 
     851      158.335   100000    74023    27996    8406.5534    8657.8421    8738.4106 
     852    158.86292   100000    74023    28164    8408.2969    8655.4813    8738.1562 
     853    159.31243   100000    74023    27956    8409.7997     8650.947    8740.4363 
     854    159.82703   100000    74023    27778    8402.8904    8653.7454    8748.0018 
     855    160.32995   100000    74023    27993     8409.228    8648.3564    8743.8844 
     856    160.83822   100000    74023    28108     8402.869    8654.8654    8746.9139 
     857    161.36569   100000    74022    27988    8405.5818    8649.0293    8748.6808 
     858    161.83601   100000    74023    28000    8402.5563     8653.437    8748.8113 
     859    162.46707   100000    74023    28112    8404.3356    8647.6234    8751.9561 
     860    162.90976   100000    74023    28044     8414.023    8630.2453    8754.8031 
     861    163.28329   100000    74023    27879    8413.6442    8626.0524    8759.5641 
     862    163.50726   100000    74023    28092    8423.0325    8613.6577    8757.8764 
     863    163.66782   100000    74023    28383    8411.4936    8624.4245    8764.4179 
     864    163.83976   100000    74023    28109      8408.49      8626.56    8766.7877 
     865     163.9996   100000    74023    27917    8401.5564    8636.6464    8767.1018 
     866    164.15802   100000    74023    28245    8400.0971    8640.0995    8765.8376 
     867    164.31367   100000    74023    27962    8393.1371    8653.6715    8762.7056 
     868    164.47247   100000    74023    27859    8395.4062    8651.3655     8761.608 
     869    164.61173   100000    74023    27927    8390.6406    8655.3295    8764.7924 
     870    164.74001   100000    74023    28030    8394.8474    8657.0664    8756.7454 
     871    164.86575   100000    74023    27780    8408.1538    8648.4955    8745.3565 
     872    164.99696   100000    74023    27956    8401.5521    8651.1406     8752.614 
     873    165.14049   100000    74023    28000    8394.8793    8659.8112    8753.9527 
     874     165.2815   100000    74023    28218    8395.6384    8659.9204    8752.7049 
     875    165.42803   100000    74023    28207    8393.9207    8666.0342    8749.1676 
     876    165.56209   100000    74023    27726    8402.7779     8658.632    8743.2839 
     877    165.70226   100000    74023    27965    8409.1107    8644.9178     8747.499 
     878    165.83417   100000    74023    27964    8408.6012    8646.2033    8746.9778 
     879    165.95853   100000    74023    27786    8422.4278    8634.6398    8737.8013 
     880    166.08104   100000    74023    27933    8409.2232    8659.9116    8732.3365 
     881    166.20499   100000    74022    27859    8411.5346    8659.9239     8728.857 
     882    166.33165   100000    74023    28163    8409.3018    8663.5233    8728.6068 
     883    166.45418   100000    74023    27962    8414.1449    8651.1515     8733.714 
     884    166.57798   100000    74023    28151    8406.0094    8658.8974    8738.1713 
     885     166.7019   100000    74023    28306    8407.2813     8658.641    8736.5199 
     886     166.8203   100000    74023    28177    8397.7091    8671.9871    8737.5321 
     887    166.93786   100000    74023    28095    8396.6394    8669.5894    8741.5344 
     888    167.05417   100000    74023    27963     8392.819    8683.7691    8733.0852 
     889    167.17127   100000    74023    27931    8396.1296    8686.5089    8725.3795 
     890    167.28949   100000    74023    27927    8392.4833    8698.1356    8719.2222 
     891    167.40863   100000    74023    27834     8389.237    8705.3977    8716.8297 
     892    167.52559   100000    74023    28225    8395.1492    8706.4545    8706.9045 
     893    167.64105   100000    74023    27979    8397.0394    8699.0137    8711.5099 
     894    167.75254   100000    74023    28001    8407.2905    8689.8935    8705.2536 
     895    167.86444   100000    74023    28162    8412.5567    8690.6249    8696.6228 
     896    167.97818   100000    74023    28055    8412.4093    8694.6235    8692.8454 
     897    168.09086   100000    74023    28180    8415.7999    8687.0441    8695.3388 
     898    168.20292   100000    74023    28244    8408.8612    8695.4521    8697.3388 
     899    168.31849   100000    74023    27940    8402.2049     8701.559    8701.2165 
     900     168.4281   100000    74023    27931    8412.8746    8689.5469    8697.2241 
     901    168.54303   100000    74023    27830    8415.3452    8683.7403    8699.3248 
     902    168.69209   100000    74023    27936    8413.3093     8682.404    8703.7149 
     903    169.11819   100000    74023    28144    8423.8858    8673.4309    8696.8232 
     904    169.52082   100000    74023    28060     8423.542    8676.8662    8693.9036 
     905    169.90563   100000    74022    28120    8420.5291    8683.5857    8691.7035 
     906    170.28472   100000    74023    28060    8426.3122    8679.5941    8687.0205 
     907    170.74307   100000    74023    27909    8427.4322    8682.0045      8682.93 
     908    170.94852   100000    74023    28000     8426.588    8677.5347     8688.666 
     909    171.24473   100000    74023    28025    8434.6025    8664.1704    8690.0086 
     910    171.64684   100000    74023    28094    8431.6844     8661.416    8697.1402 
     911    171.97926   100000    74023    27872    8421.7815    8672.2428    8701.1677 
     912    172.35606   100000    74023    27860    8418.1159    8672.7519     8706.157 
     913    172.72053   100000    74023    28206    8418.0385    8674.3921    8704.6329 
     914    172.98018   100000    74023    28099    8423.9942     8673.291    8696.8006 
     915    173.15512   100000    74023    28059    8421.8829    8674.0778    8699.1807 
     916    173.29456   100000    74023    28087    8425.3893    8663.0743    8704.9245 
     917    173.43014   100000    74023    27965    8420.9301    8667.1439    8707.5437 
     918    173.56421   100000    74023    27926    8414.7984     8671.197    8712.6882 
     919    173.69541   100000    74023    27893    8405.7913    8675.8846    8721.5112 
     920    173.82384   100000    74023    28187    8407.4655     8677.752    8717.1325 
     921     174.0096   100000    74023    27861    8402.9002    8688.5663    8713.1662 
     922    174.22011   100000    74023    28095    8409.9047     8680.855    8710.3707 
     923    174.39757   100000    74023    28058    8417.9755     8673.312    8705.8075 
     924    174.54699   100000    74023    27877    8419.7654    8669.0451    8707.3896 
     925    174.67087   100000    74023    27968     8421.287    8664.3114    8709.8409 
     926    174.79698   100000    74023    28086    8416.6857    8672.0186    8709.0356 
     927    174.93757   100000    74023    28004    8436.5336    8647.4813    8703.8012 
     928    175.08856   100000    74023    28125    8433.9897    8654.9963     8700.102 
     929    175.23887   100000    74022    28121    8433.6188    8661.4418    8694.2128 
     930    175.38503   100000    74023    27885    8435.7474    8661.6694    8690.7923 
     931    175.51212   100000    74023    27817     8424.787    8669.3205    8699.5819 
     932    175.63578   100000    74023    28082    8425.8736    8670.9808    8696.2916 
     933    175.76121   100000    74023    28064    8424.1625    8663.9455    8705.8936 
     934    175.88302   100000    74023    27881    8421.0975    8663.2626    8711.1739 
     935     176.0056   100000    74023    28419    8420.4817    8659.3711    8715.9892 
     936    176.12648   100000    74023    27969    8428.7345    8654.7357    8708.2455 
     937    176.24571   100000    74023    28128     8432.021    8657.5087    8700.5426 
     938    176.36795   100000    74023    27783    8430.5367    8657.4438     8702.834 
     939    176.48614   100000    74023    28153    8424.3786    8654.8193    8714.6955 
     940        176.6   100000    74023    27911    8411.1343    8669.3182    8720.0632 
     941    176.71296   100000    74023    28252    8415.6783    8662.6407    8719.9245 
     942    176.82912   100000    74023    27953    8419.2198    8663.3849    8713.8683 
     943    176.94632   100000    74023    28105    8417.1723    8664.3979    8715.9265 
     944    177.06599   100000    74023    28073    8421.3472    8662.2089    8711.8531 
     945    177.18854   100000    74023    27699    8429.5917     8651.976    8709.7192 
     946    177.30578   100000    74023    28194    8435.4241    8638.8365    8714.1102 
     947    177.43542   100000    74023    27936    8433.2999     8639.676    8716.4569 
     948    177.55864   100000    74023    28091    8426.7194    8642.3358    8723.6679 
     949    177.66899   100000    74023    28025    8436.7616    8630.1979    8720.7425 
     950    177.78305   100000    74023    28057    8433.6903     8635.352    8720.1953 
     951     177.8943   100000    74023    28059    8430.7003    8636.4856    8723.5468 
     952     178.0068   100000    74023    28059    8430.1214    8637.0748    8723.8259 
     953    178.12586   100000    74023    27892    8432.3877    8638.8321    8718.6691 
     954    178.25804   100000    74022    27878    8420.3415    8656.6715     8718.899 
     955    178.38787   100000    74023    27754    8417.0345    8656.5263    8724.0047 
     956     178.5189   100000    74023    27862     8411.814    8661.7615    8726.6003 
     957    178.65284   100000    74023    27987    8417.7356    8651.5982    8727.8812 
     958    178.79861   100000    74023    28072    8408.2266    8658.8154    8734.9275 
     959    178.94869   100000    74023    28019    8403.0344    8659.9632    8741.5681 
     960    179.09573   100000    74023    28099    8405.3056    8649.7178    8748.4067 
     961    179.23499   100000    74023    27954    8408.0904    8643.6028    8750.3444 
     962    179.36688   100000    74023    28129     8402.255    8658.0929    8744.6075 
     963    179.49774   100000    74023    28110    8399.3879    8658.1737    8748.8272 
     964    179.63822   100000    74023    28222    8411.4352    8643.5307    8745.3992 
     965    179.75803   100000    74023    27909    8407.5867    8646.0151    8748.6876 
     966    179.87822   100000    74023    28000    8406.4081    8652.9027     8743.568 
     967    180.00401   100000    74023    27994    8391.8606    8676.3771    8741.9147 
     968    180.13034   100000    74023    27845    8392.9525    8672.0195    8744.6346 
     969    180.25181   100000    74023    27752    8393.5796    8671.0084     8744.705 
     970    180.37523   100000    74023    27986    8390.6175    8676.6114    8743.5451 
     971    180.49626   100000    74023    27903    8389.2591    8678.8011    8743.3931 
     972    180.61128   100000    74023    27859    8387.8296    8682.8696    8741.4688 
     973    180.72789   100000    74023    28216     8392.058    8679.7478     8738.248 
     974    180.84449   100000    74023    28086    8400.7854    8673.3181    8731.5865 
     975    180.99062   100000    74023    28208    8396.3817    8672.7191    8738.7911 
     976    181.11324   100000    74023    27800     8395.386    8677.4508     8735.553 
     977    181.23023   100000    74023    28306    8390.4554    8677.7235    8742.6762 
     978    181.35215   100000    74022    27888    8381.0623    8687.7965    8746.6928 
     979     181.4769   100000    74023    27806     8371.519    8698.1928    8750.6116 
     980    181.59783   100000    74023    27844     8371.175      8696.02    8753.3003 
     981     181.7141   100000    74023    27992    8380.7637    8683.9771    8750.9601 
     982     181.8311   100000    74023    27860     8377.656     8691.758    8747.8408 
     983    181.94804   100000    74023    28161    8373.3828    8692.6242    8753.3844 
     984    182.07259   100000    74023    27889    8375.7466    8688.8574    8753.6055 
     985    182.20029   100000    74023    27749    8375.2352    8686.4008    8756.8292 
     986    182.31717   100000    74023    27899    8381.5389    8678.1588    8755.6156 
     987    182.43811   100000    74023    27870    8374.0143    8686.2913      8758.77 
     988    182.56434   100000    74023    28174    8376.4789    8682.5158    8758.8486 
     989    182.68209   100000    74023    27979    8375.7502    8679.5211    8762.9365 
     990    182.80329   100000    74023    27899    8381.7872    8668.5738    8764.8282 
     991    182.93026   100000    74023    27956    8384.9521    8670.9039    8757.7508 
     992    183.05885   100000    74023    28027    8381.4728    8669.5155     8764.358 
     993    183.18789   100000    74023    28160     8388.289    8662.6479    8761.0014 
     994    183.30826   100000    74023    27842    8384.9799    8662.9931    8765.6198 
     995    183.43508   100000    74023    27827    8387.8948      8665.12    8759.1207 
     996    183.55701   100000    74023    28026    8375.2118     8681.948    8761.3171 
     997    183.67847   100000    74023    28153    8372.8051    8682.2321    8764.6431 
     998    183.80768   100000    74023    28152    8370.2005    8690.2703    8760.5118 
     999    183.93391   100000    74023    27975    8363.2552    8695.1215    8766.0785 
    1000    184.05412   100000    74023    27942     8359.522    8696.0218    8770.7781 