# custom tsurf values for all surf elements

50 1
1 1500.0
2 1500.0
3 1500.0
4 1500.0
5 1500.0
6 1500.0
7 1500.0
8 1500.0
9 1500.0
10 1500.0
11 1500.0
12 1500.0
13 1500.0
14 1500.0
15 1500.0
16 1500.0
17 1500.0
18 1500.0
19 1500.0
20 1500.0
21 1500.0
22 1500.0
23 1500.0
24 1500.0
25 1500.0
26 1500.0
27 1500.0
28 1500.0
29 1500.0
30 1500.0
31 1500.0
32 1500.0
33 1500.0
34 1500.0
35 1500.0
36 1500.0
37 1500.0
38 1500.0
39 1500.0
40 1500.0
41 1500.0
42 1500.0
43 1500.0
44 1500.0
45 1500.0
46 1500.0
47 1500.0
48 1500.0
49 1500.0
50 1500.0
